POPACS 1                
1 39268U 13055D   23296.06990843  .00051210  00000+0  10516-2 0  9996
2 39268  80.9886  60.8241 0473384 128.5559 235.9073 14.75445062526701
POPACS 2                
1 39269U 13055E   23295.29545513  .00013667  00000+0  34219-3 0  9992
2 39269  81.0043 136.8053 0589315 326.5615  29.9611 14.47090328520937
POPACS 3                
1 39270U 13055F   23295.95896618  .00011407  00000+0  32320-3 0  9993
2 39270  81.0125 179.6184 0653110  86.9165 280.6496 14.30944329498822
SHINSEI (MS-F2)         
1 05485U 71080A   23295.79598458  .00000020  00000+0  39057-5 0  9994
2 05485  32.0547 333.1394 0640119 116.3971 250.3744 12.74175298425686
PROSPERO (BLACK ARROW)  
1 05580U 71093A   23295.83346985  .00003460  00000+0  76356-3 0  9997
2 05580  82.0408  57.8005 0521010 114.6765 250.9571 13.96846122613085
AKEBONO (EXOS-D)        
1 19822U 89016A   23296.13594190  .00262477  81037-5  26018-2 0  9991
2 19822  74.9523 246.2361 1085656  16.4561 346.9044 13.56168907193067
CASSIOPE                
1 39265U 13055A   23296.19790126  .00016636  00000+0  39309-3 0  9994
2 39265  80.9562  98.1495 0549346 279.6003  74.3562 14.56704727523562
SHERPA-LTC2             
1 53754U 22107BG  23295.73266911  .00004658  00000+0  28483-3 0  9992
2 53754  53.2393 310.9143 0460316  70.6503 294.3631 14.52554077 60906
