ONEWEB-0455             
1 51645U 22012Z   23295.96479343  .00000470  00000+0  20202-3 0  9993
2 51645  87.5406 184.8630 0018686  43.6764 316.5901 14.22617868 88435
ONEWEB-0543             
1 55143U 23004D   23296.00002315 -.00944677  00000+0 -76561+0 0  9992
2 55143  87.2926 169.4885 0002921 339.6452 117.2021 13.93219615  5594
ONEWEB-0544             
1 55144U 23004E   23296.25001157 -.01014188  00000+0 -85068+0 0  9991
2 55144  87.3005 169.3756 0001870  29.6847 161.4178 13.91470931 41992
ONEWEB-0560             
1 55145U 23004F   23296.25001157 -.01029248  00000+0 -84043+0 0  9997
2 55145  87.2895 169.3326 0002469  39.0250  38.4096 13.93068274 42000
ONEWEB-0565             
1 55146U 23004G   23296.00002315 -.00943031  00000+0 -77877+0 0  9999
2 55146  87.3057 169.4543 0001401  23.8307 115.4265 13.92134974  5501
ONEWEB-0567             
1 55147U 23004H   23296.25001157 -.01001669  00000+0 -84928+0 0  9998
2 55147  87.3006 169.3408 0003553   7.1296 163.6155 13.90804689 41998
ONEWEB-0570             
1 55149U 23004K   23296.25001157 -.01022686  00000+0 -87202+0 0  9990
2 55149  87.2980 169.3413 0002641  54.7665  21.3649 13.90547946 41999
ONEWEB-0571             
1 55150U 23004L   23296.25001157 -.01007870  00000+0 -83450+0 0  9991
2 55150  87.2907 169.3644 0002333  21.3950 355.5968 13.92196993 42004
ONEWEB-0573             
1 55152U 23004N   23296.25001157 -.01013260  00000+0 -84582+0 0  9990
2 55152  87.2988 169.3802 0003092   9.4647 332.1939 13.91744353 41998
ONEWEB-0588             
1 55153U 23004P   23296.00002315 -.00920027  00000+0 -75713+0 0  9994
2 55153  87.2745 169.4429 0005285 356.6214  57.8255 13.92253749  5390
ONEWEB-0618             
1 55159U 23004V   23295.93535970 -.00001114  00000+0 -46895-3 0  9999
2 55159  86.9153 177.7308 0013101 345.1654  14.9152 14.26676080 41373
ONEWEB-0631             
1 55171U 23004AH  23296.00002315 -.00768325  00000+0 -65242+0 0  9991
2 55171  87.2141 169.7044 0004403  51.1719  15.3131 13.90393507  5368
ONEWEB-0537             
1 56046U 23043A   23296.25001157 -.01135830  00000+0 -78361+0 0  9992
2 56046  87.4435  62.6825 0001393 306.4815  62.3482 14.02424760 32321
ONEWEB-0538             
1 56047U 23043B   23296.00002315 -.01225402  00000+0 -81830+0 0  9993
2 56047  87.4304  62.8014 0001482 322.7080  15.5515 14.04496862  5605
ONEWEB-0546             
1 56048U 23043C   23296.00002315 -.01223567  00000+0 -83555+0 0  9990
2 56048  87.4376  62.7447 0003022 115.1928 211.4899 14.03241831  5662
ONEWEB-0548             
1 56050U 23043E   23296.00002315 -.01248829  00000+0 -83959+0 0  9999
2 56050  87.4281  62.8123 0003905  89.6251 128.8347 14.04183378  5746
ONEWEB-0553             
1 56055U 23043K   23296.00002315 -.01218371  00000+0 -81278+0 0  9995
2 56055  87.4251  62.8107 0001600  58.8148  15.5499 14.04533540  5642
ONEWEB-0554             
1 56056U 23043L   23295.91667824 -.01231428  00000+0 -85678+0 0  9993
2 56056  87.4374  62.7537 0003403 116.4128 334.3271 14.02216828 32271
ONEWEB-0555             
1 56057U 23043M   23295.91667824 -.01228124  00000+0 -83142+0 0  9997
2 56057  87.4248  62.7631 0004924  95.1781  18.5961 14.03735557  5570
ONEWEB-0557             
1 56058U 23043N   23295.91667824 -.01204988  00000+0 -83533+0 0  9994
2 56058  87.4393  62.7525 0003737 107.5016  26.0717 14.02346552  5737
ONEWEB-0568             
1 56062U 23043S   23295.91667824 -.01228035  00000+0 -77388+0 0  9999
2 56062  87.4145  62.8575 0004599 102.1506 171.2713 14.07714253 32286
ONEWEB-0575             
1 56064U 23043U   23295.91667824 -.01211760  00000+0 -78919+0 0  9999
2 56064  87.4189  62.8653 0002316  73.3891  71.3008 14.05849541 32277
ONEWEB-0576             
1 56065U 23043V   23295.91667824 -.01218453  00000+0 -81219+0 0  9993
2 56065  87.4311  62.8223 0003550  65.6617  80.8215 14.04575466  5703
ONEWEB-0577             
1 56066U 23043W   23295.91667824 -.01205524  00000+0 -76499+0 0  9993
2 56066  87.4122  62.9109 0003821 109.2558 265.3513 14.07268876 32290
ONEWEB-0581             
1 56069U 23043Z   23295.91667824 -.01222826  00000+0 -82118+0 0  9995
2 56069  87.4373  62.8738 0003776  58.1148  27.0108 14.04173480  5559
ONEWEB-0680             
1 56716U 23068G   23296.16668981 -.01191858  00000+0 -73619+0 0  9990
2 56716  87.3079  78.4833 0015326  54.0404 225.0390 14.08662369 23728
ONEWEB-0681             
1 56717U 23068H   23296.16668981 -.01074148  00000+0 -70675+0 0  9992
2 56717  87.3068  78.5982 0015446  53.2190 128.5108 14.05370146 23718
