ONEWEB-0012             
1 44057U 19010A   23295.89938919 -.00000364  00000+0 -98462-3 0  9994
2 44057  87.9061  61.5148 0002258  62.4392 297.6968 13.16597196224150
ONEWEB-0010             
1 44058U 19010B   23295.84872013 -.00000076  00000+0 -23306-3 0  9997
2 44058  87.9052  61.5078 0001240  74.8836 285.2432 13.16596309224191
ONEWEB-0008             
1 44059U 19010C   23295.87404608  .00000151  00000+0  36022-3 0  9993
2 44059  87.9058  61.4987 0001881 105.3457 254.7882 13.16595801224316
ONEWEB-0007             
1 44060U 19010D   23295.90082659  .00000207  00000+0  51633-3 0  9994
2 44060  87.8957  91.9634 0001843  78.7520 281.3817 13.15548076224061
ONEWEB-0006             
1 44061U 19010E   23295.88813545  .00000184  00000+0  45533-3 0  9994
2 44061  87.8941  91.9650 0001530  80.4765 279.6538 13.15546381224110
ONEWEB-0011             
1 44062U 19010F   23295.87567284  .00000102  00000+0  23619-3 0  9991
2 44062  87.8946  91.9698 0001736  95.2697 264.8632 13.15545325224101
ONEWEB-0013             
1 45131U 20008A   23295.93229785  .00000829  00000+0  23734-2 0  9999
2 45131  87.9162 247.2652 0002923  75.4538 284.6913 13.09349789179356
ONEWEB-0017             
1 45132U 20008B   23295.86343978 -.00000027  00000+0 -11381-3 0  9991
2 45132  87.8909 228.5644 0001766  70.6691 289.4627 13.10378127181133
ONEWEB-0020             
1 45133U 20008C   23295.83257537 -.00000193  00000+0 -58928-3 0  9996
2 45133  87.8901 228.5563 0001700  75.8344 284.2973 13.10369150182309
ONEWEB-0021             
1 45134U 20008D   23296.07626081 -.00000514  00000+0 -15077-2 0  9992
2 45134  87.8912 228.5122 0001937  69.6392 290.4943 13.10372890182737
ONEWEB-0022             
1 45135U 20008E   23295.87201855  .00000463  00000+0  12904-2 0  9995
2 45135  87.8915 228.5712 0001538  83.0930 277.0372 13.10387587181534
ONEWEB-0023             
1 45136U 20008F   23295.86019857 -.00000174  00000+0 -53482-3 0  9992
2 45136  87.8912 228.5484 0002137  88.9732 271.1640 13.10375894181269
ONEWEB-0024             
1 45137U 20008G   23295.83096384 -.00000174  00000+0 -53388-3 0  9995
2 45137  87.8897 228.5657 0001931  68.5242 291.6091 13.10366783181427
ONEWEB-0025             
1 45138U 20008H   23296.07789780 -.00001437  00000+0 -41548-2 0  9999
2 45138  87.8914 228.5141 0002301  72.8616 287.2763 13.10361888182532
ONEWEB-0026             
1 45139U 20008J   23296.18044092 -.00113901  00000+0 -32677+0 0  9992
2 45139  87.8987 213.3617 0002439  82.8926 277.2479 13.11124888185129
ONEWEB-0028             
1 45140U 20008K   23295.83070542 -.00000144  00000+0 -44235-3 0  9995
2 45140  87.9000 213.4784 0002653  75.0336 285.1085 13.11417481181706
ONEWEB-0032             
1 45141U 20008L   23295.86506724  .00000191  00000+0  51084-3 0  9995
2 45141  87.8915 228.5979 0001980  71.9958 288.1385 13.10378042182346
ONEWEB-0033             
1 45142U 20008M   23295.83906885 -.00000530  00000+0 -15558-2 0  9999
2 45142  87.8909 228.6104 0001642  70.3285 289.8019 13.10371460181395
ONEWEB-0035             
1 45143U 20008N   23295.87156506  .00000350  00000+0  96499-3 0  9993
2 45143  87.8909 228.5770 0001567  64.2543 295.8746 13.10379602181120
ONEWEB-0036             
1 45144U 20008P   23296.09090237  .00000354  00000+0  97675-3 0  9998
2 45144  87.8917 228.4952 0002058  74.1221 286.0133 13.10375439182442
ONEWEB-0038             
1 45145U 20008Q   23295.79742942 -.00000654  00000+0 -18811-2 0  9991
2 45145  87.9004 213.4398 0002600  61.3093 298.8296 13.11416911183407
ONEWEB-0039             
1 45146U 20008R   23296.07139122 -.00000469  00000+0 -13796-2 0  9995
2 45146  87.8903 228.5176 0002394  80.4377 279.7021 13.10372015182153
ONEWEB-0040             
1 45147U 20008S   23295.83583039 -.00000332  00000+0 -98726-3 0  9995
2 45147  87.8907 228.5505 0001986  74.2293 285.9053 13.10371774181837
ONEWEB-0041             
1 45148U 20008T   23295.82312739  .00000107  00000+0  15020-3 0  9996
2 45148  87.9462 205.0105 0018976 123.6079 236.6884 13.48420334187546
ONEWEB-0043             
1 45149U 20008U   23295.83745374 -.00000543  00000+0 -15922-2 0  9999
2 45149  87.8902 228.5700 0002429  79.8862 280.2540 13.10367965181361
ONEWEB-0044             
1 45150U 20008V   23295.86671137  .00000136  00000+0  35447-3 0  9990
2 45150  87.8907 228.5624 0002253  77.2041 282.9338 13.10377573182438
ONEWEB-0045             
1 45151U 20008W   23295.80391456 -.00000432  00000+0 -12553-2 0  9991
2 45151  87.8995 213.4313 0001791  73.4322 286.7003 13.11415089183483
ONEWEB-0047             
1 45152U 20008X   23295.85858328 -.00000142  00000+0 -44249-3 0  9999
2 45152  87.8908 228.5650 0002039  73.6266 286.5086 13.10368388181388
ONEWEB-0048             
1 45153U 20008Y   23295.85370334 -.00000375  00000+0 -11107-2 0  9990
2 45153  87.8910 228.5765 0002007  76.0615 284.0736 13.10375699180993
ONEWEB-0049             
1 45154U 20008Z   23295.85533270 -.00000468  00000+0 -13759-2 0  9999
2 45154  87.8915 228.5467 0001975  79.6056 280.5294 13.10372674181990
ONEWEB-0051             
1 45155U 20008AA  23295.80230372 -.00000473  00000+0 -13691-2 0  9993
2 45155  87.9002 213.4659 0001729  70.1533 289.9781 13.11419518184164
ONEWEB-0052             
1 45156U 20008AB  23295.85206442 -.00000728  00000+0 -21232-2 0  9993
2 45156  87.8914 228.5313 0002412  92.5953 267.5450 13.10375662181122
ONEWEB-0053             
1 45157U 20008AC  23295.91056461 -.00000299  00000+0 -89338-3 0  9990
2 45157  87.8902 228.5716 0002024  78.6897 281.4457 13.10370640181109
ONEWEB-0054             
1 45158U 20008AD  23295.86993671  .00000323  00000+0  88797-3 0  9992
2 45158  87.8907 228.5661 0001905  75.8388 284.2951 13.10378317181216
ONEWEB-0056             
1 45159U 20008AE  23295.85043716 -.00000496  00000+0 -14583-2 0  9992
2 45159  87.8914 228.5645 0002123  75.5073 284.6290 13.10371297182129
ONEWEB-0057             
1 45160U 20008AF  23295.85695357 -.00000346  00000+0 -10283-2 0  9995
2 45160  87.8912 228.5577 0002112  72.1732 287.9625 13.10377007181533
ONEWEB-0058             
1 45161U 20008AG  23295.84408027 -.00000427  00000+0 -12598-2 0  9992
2 45161  87.8912 228.6057 0002269  75.7849 284.3531 13.10369046182351
ONEWEB-0059             
1 45162U 20008AH  23295.84069341 -.00001955  00000+0 -56374-2 0  9992
2 45162  87.8903 228.5789 0001920  66.4483 293.6846 13.10379841181509
ONEWEB-0062             
1 45163U 20008AJ  23295.86832149  .00000220  00000+0  59472-3 0  9994
2 45163  87.8908 228.5605 0001907  77.9557 282.1783 13.10377027182122
ONEWEB-0065             
1 45164U 20008AK  23295.84556487 -.00000576  00000+0 -16859-2 0  9998
2 45164  87.8911 228.5608 0002056  77.5850 282.5507 13.10370638181069
ONEWEB-0066             
1 45424U 20020A   23295.86400345 -.00000046  00000+0 -16588-3 0  9996
2 45424  87.8999 213.4351 0002024  60.7285 299.4045 13.11417148175777
ONEWEB-0067             
1 45425U 20020B   23295.81122388 -.00000425  00000+0 -12336-2 0  9997
2 45425  87.9001 213.4191 0002152  74.4686 285.6679 13.11418549175815
ONEWEB-0080             
1 45426U 20020C   23295.83639242  .00000610  00000+0  16860-2 0  9992
2 45426  87.9003 213.4428 0001854  62.2666 297.8650 13.11412753175783
ONEWEB-0090             
1 45427U 20020D   23295.85426649  .00000366  00000+0  99789-3 0  9990
2 45427  87.8994 213.4183 0001784  67.4552 292.6764 13.11420427175767
ONEWEB-0061             
1 45428U 20020E   23295.81041336 -.00000432  00000+0 -12550-2 0  9999
2 45428  87.9004 213.4285 0001969  73.0420 287.0924 13.11418256175703
ONEWEB-0081             
1 45429U 20020F   23295.86723205 -.00000213  00000+0 -63574-3 0  9997
2 45429  87.8997 213.4361 0002038  68.9624 291.1722 13.11414714175826
ONEWEB-0069             
1 45430U 20020G   23295.85752146  .00000275  00000+0  74103-3 0  9990
2 45430  87.8993 213.4295 0001795  71.5149 288.6174 13.11415974175765
ONEWEB-0031             
1 45431U 20020H   23295.82829759  .00000291  00000+0  78513-3 0  9990
2 45431  87.9001 213.4298 0001769  82.2628 277.8700 13.11421060175737
ONEWEB-0027             
1 45432U 20020J   23296.19537620 -.00000039  00000+0 -13483-3 0  9992
2 45432  87.9249 198.2430 0001515  79.4068 280.7234 13.17651149178888
ONEWEB-0064             
1 45433U 20020K   23295.82666458  .00000211  00000+0  55884-3 0  9995
2 45433  87.8997 213.4488 0001520  71.9890 288.1403 13.11421962175774
ONEWEB-0018             
1 45434U 20020L   23295.85912141  .00000149  00000+0  38429-3 0  9998
2 45434  87.9002 213.4327 0001966  70.5901 289.5439 13.11415594175720
ONEWEB-0083             
1 45435U 20020M   23295.84776440  .00000627  00000+0  17320-2 0  9995
2 45435  87.8995 213.4193 0001757  81.5884 278.5443 13.11415433175761
ONEWEB-0095             
1 45436U 20020N   23295.83974476  .00001140  00000+0  31819-2 0  9994
2 45436  87.9007 213.4567 0001549  84.3633 275.7672 13.11385453175765
ONEWEB-0092             
1 45437U 20020P   23296.18866441 -.00000107  00000+0 -33770-3 0  9999
2 45437  87.9002 213.3652 0002121  87.1194 273.0177 13.11413455175917
ONEWEB-0085             
1 45438U 20020Q   23295.84127365  .00000590  00000+0  16297-2 0  9995
2 45438  87.8997 213.4431 0001839  68.2339 291.8984 13.11418986175763
ONEWEB-0096             
1 45439U 20020R   23295.84940901  .00000504  00000+0  13856-2 0  9998
2 45439  87.8991 213.4154 0002064  68.4986 291.6361 13.11417858175754
ONEWEB-0037             
1 45440U 20020S   23295.83152274  .00000448  00000+0  12295-2 0  9990
2 45440  87.8999 213.4153 0002086  79.3619 280.7744 13.11421330175788
ONEWEB-0042             
1 45441U 20020T   23295.83950873  .00006631  00000+0  18668-1 0  9991
2 45441  87.8995 213.4340 0002240  74.0760 286.0614 13.11385681175743
ONEWEB-0098             
1 45442U 20020U   23296.13832746 -.00000188  00000+0 -56657-3 0  9999
2 45442  87.9002 213.3788 0001766  69.4053 290.7264 13.11417621175769
ONEWEB-0055             
1 45443U 20020V   23295.82096820 -.00000047  00000+0 -16847-3 0  9991
2 45443  87.9004 213.4459 0001839  68.8055 291.3269 13.11420005175698
ONEWEB-0093             
1 45444U 20020W   23295.79418510 -.00000303  00000+0 -89195-3 0  9993
2 45444  87.8995 213.4343 0001974  63.3505 296.7825 13.11418313175752
ONEWEB-0029             
1 45445U 20020X   23295.81365918 -.00000307  00000+0 -90252-3 0  9990
2 45445  87.9004 213.4393 0002143  74.3609 285.7755 13.11418145175748
ONEWEB-0068             
1 45446U 20020Y   23295.78850966 -.00000136  00000+0 -42002-3 0  9999
2 45446  87.8994 213.4339 0001979  69.5314 290.6026 13.11411966175673
ONEWEB-0046             
1 45447U 20020Z   23295.86239080  .00000004  00000+0 -25175-4 0  9993
2 45447  87.8997 213.4310 0002094  80.3512 279.7852 13.11417793175709
ONEWEB-0063             
1 45448U 20020AA  23295.81527908 -.00000602  00000+0 -17339-2 0  9994
2 45448  87.9005 213.4391 0001955  84.9124 275.2227 13.11418950175774
ONEWEB-0019             
1 45449U 20020AB  23295.78932223 -.00000102  00000+0 -32369-3 0  9997
2 45449  87.8996 213.4427 0001654  75.5077 284.6234 13.11414908175616
ONEWEB-0094             
1 45450U 20020AC  23295.96648046 -.00000004  00000+0 -44561-4 0  9995
2 45450  87.9200 198.3108 0001845  74.1667 285.9667 13.17642947178806
ONEWEB-0087             
1 45451U 20020AD  23296.05066511 -.00000040  00000+0 -14850-3 0  9995
2 45451  87.8998 213.3803 0002219  72.1088 288.0282 13.11424121175700
ONEWEB-0082             
1 45452U 20020AE  23295.82339783  .00000061  00000+0  13576-3 0  9999
2 45452  87.9004 213.4123 0001828  71.3619 288.7708 13.11414186175757
ONEWEB-0034             
1 45454U 20020AG  23295.84289963  .00000668  00000+0  18497-2 0  9996
2 45454  87.9001 213.4266 0001952  73.3935 286.7408 13.11419046175682
ONEWEB-0060             
1 45455U 20020AH  23295.77472356  .00000436  00000+0  11944-2 0  9992
2 45455  87.8996 213.4395 0002017  75.6759 284.4593 13.11416889175626
ONEWEB-0086             
1 45456U 20020AJ  23295.86885620 -.00000197  00000+0 -59095-3 0  9991
2 45456  87.9001 213.4241 0002309  67.9163 292.2210 13.11413483175699
ONEWEB-0088             
1 45457U 20020AK  23296.15133625  .00000670  00000+0  18558-2 0  9998
2 45457  87.8997 213.3485 0002009  75.3871 284.7479 13.11417073175678
ONEWEB-0102             
1 47258U 20100A   23295.92239018  .00000423  00000+0  11399-2 0  9997
2 47258  87.9059 183.2140 0001433  65.7335 294.3943 13.12443472137720
ONEWEB-0109             
1 47259U 20100B   23295.93297538 -.00000042  00000+0 -15309-3 0  9995
2 47259  87.8996 183.1884 0001727  74.3220 285.8099 13.12440501137557
ONEWEB-0110             
1 47260U 20100C   23295.95626291 -.00000344  00000+0 -99149-3 0  9990
2 47260  87.9060 183.1887 0001610  68.6808 291.4492 13.12442086137723
ONEWEB-0111             
1 47261U 20100D   23295.75935211  .00000525  00000+0  14246-2 0  9997
2 47261  87.9057 183.2161 0001586  71.9541 288.1761 13.12443577137536
ONEWEB-0114             
1 47262U 20100E   23295.71484540 -.00000306  00000+0 -88612-3 0  9996
2 47262  87.9060 183.2471 0001163  83.6755 276.4506 13.12441413137481
ONEWEB-0117             
1 47263U 20100F   23296.16381707  .00001107  00000+0  30427-2 0  9996
2 47263  87.9002 183.1525 0002473  70.0424 290.0970 13.12435446137559
ONEWEB-0118             
1 47264U 20100G   23295.96685924  .00000040  00000+0  74846-4 0  9992
2 47264  87.9058 183.1676 0001450  97.6490 262.4803 13.12444795137724
ONEWEB-0119             
1 47265U 20100H   23295.91815809  .00000384  00000+0  10332-2 0  9994
2 47265  87.9060 183.2146 0001704  69.7155 290.4156 13.12445031137693
ONEWEB-0120             
1 47266U 20100J   23295.72013997 -.00000394  00000+0 -11316-2 0  9998
2 47266  87.9063 183.2428 0001543  80.0205 280.1098 13.12440641137696
ONEWEB-0121             
1 47267U 20100K   23296.08334875 -.00001087  00000+0 -30566-2 0  9998
2 47267  87.9071 183.1716 0001556  64.4694 295.6595 13.12431396137653
ONEWEB-0122             
1 47268U 20100L   23296.15322621  .00000267  00000+0  70566-3 0  9995
2 47268  87.9059 183.1614 0001515  69.7735 290.3557 13.12443304137579
ONEWEB-0123             
1 47269U 20100M   23295.92028135  .00001129  00000+0  31036-2 0  9999
2 47269  87.9063 183.2133 0001995  75.4259 284.7091 13.12437140137682
ONEWEB-0124             
1 47270U 20100N   23296.06006383 -.00004302  00000+0 -11993-1 0  9995
2 47270  87.9059 183.1821 0002532  56.2847 303.8523 13.12471064137585
ONEWEB-0125             
1 47271U 20100P   23295.96050262 -.00000366  00000+0 -10537-2 0  9999
2 47271  87.8999 183.1865 0002057  81.9044 278.2318 13.12443929137634
ONEWEB-0126             
1 47272U 20100Q   23296.06320814 -.00008723  00000+0 -24292-1 0  9992
2 47272  87.8988 183.1545 0001610  74.3663 285.7643 13.12485322137711
ONEWEB-0127             
1 47273U 20100R   23295.94991747 -.00000345  00000+0 -99426-3 0  9993
2 47273  87.9061 183.1958 0001612  75.1559 284.9748 13.12443765137721
ONEWEB-0128             
1 47274U 20100S   23295.74238127  .00000146  00000+0  37119-3 0  9996
2 47274  87.9068 183.2252 0001604  61.0934 299.0355 13.12445955137712
ONEWEB-0129             
1 47275U 20100T   23295.95202445 -.00000587  00000+0 -16678-2 0  9991
2 47275  87.9006 183.2010 0001042 127.6521 232.4702 13.12441866137673
ONEWEB-0130             
1 47276U 20100U   23295.74874359  .00000438  00000+0  11819-2 0  9993
2 47276  87.8994 183.2251 0001738  72.8496 287.2822 13.12443362137618
ONEWEB-0131             
1 47277U 20100V   23296.12781294 -.00002014  00000+0 -56347-2 0  9991
2 47277  87.9088 183.1405 0002145  69.5169 290.6189 13.12432472137701
ONEWEB-0132             
1 47278U 20100W   23295.92875169  .00000197  00000+0  51235-3 0  9994
2 47278  87.9075 183.1839 0002028  74.3261 285.8091 13.12442044137575
ONEWEB-0133             
1 47279U 20100X   23295.94568000 -.00000332  00000+0 -95839-3 0  9991
2 47279  87.9060 183.2014 0001738  70.7780 289.3536 13.12442004137736
ONEWEB-0134             
1 47280U 20100Y   23295.76145085  .00000411  00000+0  11061-2 0  9997
2 47280  87.9061 183.2272 0001507  65.5166 294.6119 13.12442083137686
ONEWEB-0135             
1 47281U 20100Z   23295.95838404 -.00000257  00000+0 -75076-3 0  9990
2 47281  87.9064 183.1912 0001576  70.0455 290.0843 13.12444233137737
ONEWEB-0136             
1 47282U 20100AA  23295.75085799  .00000505  00000+0  13679-2 0  9994
2 47282  87.8993 183.2302 0001333  56.8532 303.2724 13.12444813137639
ONEWEB-0137             
1 47283U 20100AB  23295.71061741 -.00000227  00000+0 -66666-3 0  9990
2 47283  87.9061 183.2447 0001593  77.8194 282.3112 13.12441029137535
ONEWEB-0138             
1 47284U 20100AC  23295.76356893  .00000393  00000+0  10583-2 0  9999
2 47284  87.9060 183.2455 0001614  73.7188 286.4118 13.12442771137622
ONEWEB-0139             
1 47285U 20100AD  23295.96473211 -.00000182  00000+0 -54056-3 0  9998
2 47285  87.9004 183.1966 0001756  68.8386 291.2930 13.12443037137722
ONEWEB-0140             
1 47286U 20100AE  23295.75722017  .00000419  00000+0  11281-2 0  9990
2 47286  87.9060 183.2216 0001532  68.6498 291.4794 13.12442089137667
ONEWEB-0141             
1 47287U 20100AF  23295.93192351 -.00000026  00000+0 -10789-3 0  9992
2 47287  87.9058 183.1838 0001920  83.9057 276.2290 13.12441653137675
ONEWEB-0142             
1 47288U 20100AG  23295.92344920  .00000433  00000+0  11677-2 0  9999
2 47288  87.9053 183.1785 0001570  82.5794 277.5513 13.12439882137668
ONEWEB-0143             
1 47289U 20100AH  23296.10662806  .00000106  00000+0  25965-3 0  9990
2 47289  87.9060 183.1599 0002001  72.0059 288.1287 13.12438705137667
ONEWEB-0144             
1 47290U 20100AJ  23296.07909966  .00000243  00000+0  64150-3 0  9990
2 47290  87.9053 183.1506 0001261  76.2731 283.8537 13.12441303137588
ONEWEB-0145             
1 47291U 20100AK  23295.74450327  .00000252  00000+0  66465-3 0  9997
2 47291  87.9059 183.2389 0001628  76.0818 284.0491 13.12444162137731
ONEWEB-0146             
1 47292U 20100AL  23295.96898041  .00000067  00000+0  15229-3 0  9997
2 47292  87.9069 183.2300 0002255  72.8631 287.2745 13.12444828137679
ONEWEB-0147             
1 47293U 20100AM  23295.93720979 -.00000064  00000+0 -21387-3 0  9990
2 47293  87.9059 183.1862 0001426  62.2229 297.9044 13.12440992137562
ONEWEB-0115             
1 48042U 21025A   23295.65346370  .00000344  00000+0  90798-3 0  9999
2 48042  87.9016 152.9686 0002455  65.5690 294.5695 13.13470409126455
ONEWEB-0152             
1 48043U 21025B   23295.89469939  .00000146  00000+0  36548-3 0  9996
2 48043  87.9019 152.9090 0002151  67.4134 292.7222 13.13470302126442
ONEWEB-0153             
1 48044U 21025C   23295.64287516 -.00000558  00000+0 -15629-2 0  9994
2 48044  87.9014 152.9476 0001440  79.3167 280.8124 13.13469854126409
ONEWEB-0154             
1 48045U 21025D   23295.86929791 -.00000230  00000+0 -66516-3 0  9996
2 48045  87.9021 152.9146 0001651  76.7645 283.3668 13.13471596126393
ONEWEB-0116             
1 48046U 21025E   23295.91162645  .00000281  00000+0  73363-3 0  9992
2 48046  87.9014 152.8748 0001932  76.2079 283.9265 13.13468778126545
ONEWEB-0150             
1 48047U 21025F   23295.88410699  .00000018  00000+0  15420-4 0  9993
2 48047  87.9015 152.9054 0001587  84.7461 275.3849 13.13472747126435
ONEWEB-0107             
1 48048U 21025G   23295.88624032  .00000177  00000+0  44949-3 0  9995
2 48048  87.9016 152.9035 0001447  91.6857 268.4438 13.13471324126412
ONEWEB-0101             
1 48049U 21025H   23295.85026188  .00000049  00000+0  98391-4 0  9990
2 48049  87.9015 152.9193 0001456  75.8272 284.3019 13.13469131126383
ONEWEB-0113             
1 48050U 21025J   23295.90316408  .00000442  00000+0  11765-2 0  9990
2 48050  87.8956 152.9147 0001735  74.5948 285.5372 13.13471686126476
ONEWEB-0112             
1 48051U 21025K   23295.89046180  .00000187  00000+0  47606-3 0  9996
2 48051  87.9015 152.9006 0001700  82.6327 277.4995 13.13469934126486
ONEWEB-0156             
1 48052U 21025L   23295.90104348  .00000354  00000+0  93487-3 0  9994
2 48052  87.8945 152.8918 0001623  80.7095 279.4218 13.13470755126465
ONEWEB-0161             
1 48053U 21025M   23295.87352168 -.00000304  00000+0 -86798-3 0  9990
2 48053  87.9011 152.9020 0001527  85.2709 274.8594 13.13469001126391
ONEWEB-0158             
1 48054U 21025N   23296.14229601  .00000317  00000+0  83280-3 0  9992
2 48054  87.8938 152.8489 0001825  77.3200 282.8133 13.13471480126556
ONEWEB-0157             
1 48055U 21025P   23295.86082726 -.00000119  00000+0 -36006-3 0  9992
2 48055  87.9021 152.9115 0001511  87.0070 273.1232 13.13469083126451
ONEWEB-0162             
1 48056U 21025Q   23295.89892778  .00000428  00000+0  11383-2 0  9993
2 48056  87.9016 152.9023 0001679  82.1009 278.0311 13.13471539126436
ONEWEB-0155             
1 48057U 21025R   23295.84391011  .00000226  00000+0  58518-3 0  9991
2 48057  87.9021 152.9200 0001632  78.4936 281.6377 13.13471284126569
ONEWEB-0149             
1 48058U 21025S   23296.16977100 -.00000828  00000+0 -23014-2 0  9999
2 48058  87.9021 152.8527 0002054  85.7400 274.3964 13.13470949126420
ONEWEB-0148             
1 48059U 21025T   23295.90527135  .00000452  00000+0  12021-2 0  9997
2 48059  87.9013 152.9125 0001779 107.5097 252.6227 13.13470981126501
ONEWEB-0160             
1 48060U 21025U   23296.15073827  .00000063  00000+0  13874-3 0  9997
2 48060  87.9012 152.8608 0002582  68.3010 291.8393 13.13470219126489
ONEWEB-0163             
1 48061U 21025V   23295.90739095  .00000331  00000+0  87155-3 0  9997
2 48061  87.9019 152.9012 0001352  87.0153 273.1130 13.13471496126577
ONEWEB-0159             
1 48062U 21025W   23295.89681118  .00000304  00000+0  79759-3 0  9999
2 48062  87.9018 152.8895 0001775  89.6154 270.5179 13.13469067126499
ONEWEB-0164             
1 48063U 21025X   23295.87775618 -.00000412  00000+0 -11642-2 0  9995
2 48063  87.9019 152.9015 0001614  72.9124 287.2182 13.13470293126470
ONEWEB-0167             
1 48064U 21025Y   23295.90846629 -.00001191  00000+0 -32963-2 0  9995
2 48064  87.9021 152.9050 0001461  83.9066 276.2230 13.13476685126462
ONEWEB-0166             
1 48065U 21025Z   23295.85448050 -.00000015  00000+0 -77147-4 0  9995
2 48065  87.9018 152.9085 0001660  88.2707 271.8612 13.13468220126537
ONEWEB-0151             
1 48066U 21025AA  23295.85660767 -.00000229  00000+0 -66147-3 0  9991
2 48066  87.9020 152.9159 0001586  67.8224 292.3073 13.13471850126472
ONEWEB-0170             
1 48067U 21025AB  23295.86296198 -.00000780  00000+0 -21702-2 0  9995
2 48067  87.9025 152.9121 0003111  66.2019 293.9436 13.13476867126437
ONEWEB-0168             
1 48068U 21025AC  23295.84813808  .00000100  00000+0  23936-3 0  9993
2 48068  87.8944 152.9140 0001649  84.6910 275.4408 13.13468208126441
ONEWEB-0173             
1 48069U 21025AD  23295.84178997  .00000188  00000+0  47956-3 0  9991
2 48069  87.8947 152.9313 0001080  76.1163 284.0086 13.13468194126680
ONEWEB-0171             
1 48070U 21025AE  23295.87565523 -.00000231  00000+0 -66864-3 0  9991
2 48070  87.9012 152.9253 0001477  73.2194 286.9097 13.13465815126502
ONEWEB-0172             
1 48071U 21025AF  23295.85767197 -.00000208  00000+0 -60536-3 0  9995
2 48071  87.9016 152.8976 0001344  71.9895 288.1380 13.13468313127397
ONEWEB-0174             
1 48072U 21025AG  23295.83969798  .00000554  00000+0  14813-2 0  9993
2 48072  87.9013 152.9163 0001710  89.0799 271.0526 13.13472074126711
ONEWEB-0175             
1 48073U 21025AH  23295.86717587 -.00000254  00000+0 -72945-3 0  9994
2 48073  87.9016 152.9052 0001648  62.9142 297.2155 13.13472095126377
ONEWEB-0177             
1 48074U 21025AJ  23295.87987968 -.00000093  00000+0 -28935-3 0  9999
2 48074  87.9019 152.9068 0001133  89.3427 270.7832 13.13472148126564
ONEWEB-0178             
1 48075U 21025AK  23295.89787306  .00000391  00000+0  10363-2 0  9990
2 48075  87.9012 152.9080 0001411  85.9701 274.1589 13.13470481126619
ONEWEB-0108             
1 48076U 21025AL  23295.85871509 -.00000151  00000+0 -44717-3 0  9993
2 48076  87.9019 152.9107 0001900  82.2422 277.8923 13.13467915126531
ONEWEB-0169             
1 48077U 21025AM  23295.88833503  .00000049  00000+0  98087-4 0  9993
2 48077  87.9021 152.9072 0002317  90.9824 269.1570 13.13468598125192
ONEWEB-0176             
1 48210U 21031A   23296.03609172  .00000160  00000+0  39783-3 0  9991
2 48210  87.8934 122.4229 0001640  85.8498 274.2819 13.14504776122412
ONEWEB-0184             
1 48211U 21031B   23295.93459255 -.00000200  00000+0 -57519-3 0  9999
2 48211  87.8947 122.4267 0001479  42.7763 317.3482 13.14505302121089
ONEWEB-0179             
1 48212U 21031C   23296.05511957  .00000380  00000+0  98969-3 0  9993
2 48212  87.8947 122.3980 0001407  92.8912 267.2379 13.14500979121144
ONEWEB-0180             
1 48213U 21031D   23295.93670480 -.00000180  00000+0 -51988-3 0  9997
2 48213  87.8950 122.4246 0001407  91.6557 268.4734 13.14501004121011
ONEWEB-0218             
1 48214U 21031E   23296.03398609 -.00001510  00000+0 -41067-2 0  9994
2 48214  87.8951 122.4070 0001102  22.0937 338.0240 13.14512748121181
ONEWEB-0209             
1 48215U 21031F   23295.94729224 -.00000049  00000+0 -16669-3 0  9992
2 48215  87.8938 122.4617 0001592  89.8594 270.2719 13.14502227121175
ONEWEB-0198             
1 48216U 21031G   23296.08472713 -.00000013  00000+0 -68886-4 0  9997
2 48216  87.8939 122.4414 0001114  79.8602 280.2653 13.14501552121281
ONEWEB-0189             
1 48217U 21031H   23295.94516337  .00000255  00000+0  65331-3 0  9990
2 48217  87.8936 122.4472 0001143  84.5632 275.5628 13.14503553121025
ONEWEB-0196             
1 48218U 21031J   23296.07626788 -.00000033  00000+0 -12282-3 0  9991
2 48218  87.8941 122.4172 0001471  81.9980 278.1316 13.14503887121034
ONEWEB-0183             
1 48219U 21031K   23295.89654543 -.00000045  00000+0 -15530-3 0  9993
2 48219  87.8940 122.4732 0001481  86.1990 273.9309 13.14501349121110
ONEWEB-0185             
1 48220U 21031L   23296.07731521  .00000015  00000+0  68924-5 0  9990
2 48220  87.8942 122.4113 0001485  93.3627 266.7673 13.14500096121064
ONEWEB-0187             
1 48221U 21031M   23295.89970389  .00000334  00000+0  86769-3 0  9996
2 48221  87.8940 122.4763 0001503  89.9784 270.1518 13.14500116121059
ONEWEB-0192             
1 48222U 21031N   23295.79715651  .00000038  00000+0  66873-4 0  9991
2 48222  87.8982 122.4669 0001458  81.5757 278.5538 13.14506020120950
ONEWEB-0219             
1 48223U 21031P   23296.08261017 -.00000033  00000+0 -12231-3 0  9992
2 48223  87.8938 122.4136 0001613  91.3308 268.8006 13.14501524121200
ONEWEB-0202             
1 48224U 21031Q   23296.06146090  .00000290  00000+0  74655-3 0  9995
2 48224  87.8938 122.4385 0000662  54.9565 305.1627 13.14500580121182
ONEWEB-0204             
1 48225U 21031R   23295.94320446 -.00000155  00000+0 -45310-3 0  9999
2 48225  87.8937 122.4742 0002094  92.8887 267.2482 13.14505397121052
ONEWEB-0205             
1 48226U 21031S   23295.91980669 -.00001178  00000+0 -32120-2 0  9996
2 48226  87.8943 122.4481 0001404  92.5819 267.5471 13.14491495121061
ONEWEB-0206             
1 48227U 21031T   23296.04455053  .00000402  00000+0  10493-2 0  9992
2 48227  87.8945 122.4108 0001509  95.7828 264.3474 13.14501249121046
ONEWEB-0182             
1 48228U 21031U   23295.80986202  .00000360  00000+0  93716-3 0  9994
2 48228  87.8945 122.4801 0002149 104.2092 255.9277 13.14501658121217
ONEWEB-0186             
1 48229U 21031V   23295.89865948  .00000274  00000+0  70325-3 0  9992
2 48229  87.8938 122.4269 0001468  87.4305 272.6993 13.14504442121170
ONEWEB-0181             
1 48230U 21031W   23295.79928465 -.00000261  00000+0 -73927-3 0  9996
2 48230  87.8940 122.5188 0001765  92.4819 267.6513 13.14506091121019
ONEWEB-0188             
1 48231U 21031X   23296.06780701  .00000124  00000+0  29983-3 0  9996
2 48231  87.8938 122.4642 0001312  73.9463 286.1811 13.14504317120956
ONEWEB-0220             
1 48232U 21031Y   23295.80139487  .00000111  00000+0  26477-3 0  9998
2 48232  87.8942 122.4867 0001405  98.9960 261.1329 13.14502199121182
ONEWEB-0165             
1 48233U 21031Z   23296.05935011  .00000286  00000+0  73590-3 0  9995
2 48233  87.8938 122.4464 0001401  89.3567 270.7724 13.14500741121179
ONEWEB-0199             
1 48234U 21031AA  23296.04244618  .00000286  00000+0  73657-3 0  9995
2 48234  87.8937 122.4213 0001479  88.0543 272.0756 13.14502731121076
ONEWEB-0203             
1 48235U 21031AB  23295.80351786  .00000121  00000+0  29304-3 0  9992
2 48235  87.8937 122.4681 0001753  74.7744 285.3580 13.14504515121058
ONEWEB-0197             
1 48236U 21031AC  23296.01902874 -.00000453  00000+0 -12571-2 0  9994
2 48236  87.8935 122.4331 0001753  89.1613 270.9717 13.14502367120991
ONEWEB-0194             
1 48237U 21031AD  23295.91134451  .00000114  00000+0  27232-3 0  9994
2 48237  87.8941 122.4445 0001843  75.8164 284.3170 13.14504191121156
ONEWEB-0193             
1 48238U 21031AE  23295.92828178 -.00000195  00000+0 -56179-3 0  9995
2 48238  87.8941 122.4503 0001441  78.2909 281.8383 13.14507053121103
ONEWEB-0191             
1 48239U 21031AF  23295.93883585 -.00000053  00000+0 -17820-3 0  9993
2 48239  87.8946 122.4304 0001623  83.3018 276.8296 13.14503907120962
ONEWEB-0195             
1 48240U 21031AG  23295.91663829  .00000023  00000+0  27421-4 0  9994
2 48240  87.8950 122.4361 0001095  85.9315 274.1940 13.14497337120947
ONEWEB-0201             
1 48241U 21031AH  23295.91239846  .00000127  00000+0  30750-3 0  9996
2 48241  87.8940 122.4735 0001509  87.1716 272.9586 13.14505347121170
ONEWEB-0207             
1 48242U 21031AJ  23295.88703533 -.00004341  00000+0 -11745-1 0  9997
2 48242  87.8939 122.4462 0001517  94.8096 265.3206 13.14524216121082
ONEWEB-0208             
1 48243U 21031AK  23295.94094642 -.00000156  00000+0 -45590-3 0  9996
2 48243  87.8936 122.4511 0001328  86.5136 273.6145 13.14501927121109
ONEWEB-0200             
1 48244U 21031AL  23295.90501544  .00000467  00000+0  12253-2 0  9999
2 48244  87.8949 122.4499 0001354  84.8792 275.2493 13.14503379121025
ONEWEB-0217             
1 48245U 21031AM  23295.92192630  .00005528  00000+0  14874-1 0  9997
2 48245  87.8951 122.4315 0001678  87.2105 272.9216 13.14477458120978
ONEWEB-0211             
1 48767U 21045A   23295.96208579  .00000230  00000+0  57680-3 0  9994
2 48767  87.8932  91.9453 0001656  75.6549 284.4765 13.15556297118242
ONEWEB-0223             
1 48768U 21045B   23295.90714811 -.00002878  00000+0 -76795-2 0  9999
2 48768  87.8945  91.9597 0001776  97.7266 262.4066 13.15562860117095
ONEWEB-0230             
1 48769U 21045C   23295.87968490  .00000140  00000+0  33742-3 0  9994
2 48769  87.8952  92.0335 0001709  88.1064 272.0262 13.15544408117354
ONEWEB-0237             
1 48770U 21045D   23295.94518868  .00000049  00000+0  96217-4 0  9999
2 48770  87.8953  91.9391 0001731  73.5019 286.6301 13.15545970117080
ONEWEB-0235             
1 48771U 21045E   23296.14589339 -.00000100  00000+0 -30000-3 0  9991
2 48771  87.8950  91.9274 0001927  63.9369 296.1960 13.15548779118220
ONEWEB-0242             
1 48772U 21045F   23295.91137884  .00000221  00000+0  55294-3 0  9994
2 48772  87.8948  91.9645 0001892  81.6689 278.4656 13.15549360117112
ONEWEB-0241             
1 48773U 21045G   23295.89868551  .00000155  00000+0  37813-3 0  9997
2 48773  87.8958  91.9916 0001248  79.3387 280.7884 13.15550436117024
ONEWEB-0243             
1 48774U 21045H   23295.93039588 -.00000080  00000+0 -24526-3 0  9999
2 48774  87.8958  91.9424 0001896  75.2438 284.8902 13.15549806117058
ONEWEB-0222             
1 48775U 21045J   23295.91982886 -.00003020  00000+0 -80567-2 0  9999
2 48775  87.8948  91.9765 0001819  82.3073 277.8264 13.15560847117090
ONEWEB-0244             
1 48776U 21045K   23295.94095845  .00000148  00000+0  35871-3 0  9998
2 48776  87.8938  91.9560 0001857  85.2799 274.8543 13.15552102117667
ONEWEB-0247             
1 48777U 21045L   23295.93672983 -.00000086  00000+0 -26140-3 0  9994
2 48777  87.8957  91.9742 0001717  63.9725 296.1582 13.15549694117109
ONEWEB-0245             
1 48778U 21045M   23295.93249898 -.00000067  00000+0 -21169-3 0  9995
2 48778  87.8946  91.9849 0001313  86.5123 273.6158 13.15546197117071
ONEWEB-0229             
1 48779U 21045N   23295.92617900 -.00000065  00000+0 -20685-3 0  9998
2 48779  87.8947  91.9756 0001831  82.2545 277.8793 13.15547875117105
ONEWEB-0228             
1 48780U 21045P   23295.93991440 -.00000003  00000+0 -41930-4 0  9994
2 48780  87.8942  91.9535 0001670  86.8533 273.2788 13.15548117117020
ONEWEB-0232             
1 48781U 21045Q   23295.93460398 -.00000189  00000+0 -53534-3 0  9995
2 48781  87.8892  92.0140 0001669  95.9513 264.1808 13.15553676117349
ONEWEB-0231             
1 48782U 21045R   23296.14166630 -.00000149  00000+0 -43083-3 0  9996
2 48782  87.8959  91.9401 0001994  70.4277 289.7069 13.15550156118206
ONEWEB-0234             
1 48783U 21045S   23295.93566052 -.00000054  00000+0 -17669-3 0  9991
2 48783  87.8945  91.9603 0001401 151.8680 208.2526 13.15552160117177
ONEWEB-0238             
1 48784U 21045T   23295.87227586  .00000088  00000+0  19867-3 0  9998
2 48784  87.8944  91.9840 0001547  95.9072 264.2235 13.15547442117068