ONEWEB-0428             
1 51629U 22012H   23295.87482040  .00000634  00000+0  17808-2 0  9992
2 51629  87.8910 228.5550 0001902  64.3312 295.8011 13.10376789 82478
ONEWEB-0431             
1 51630U 22012J   23295.84381925 -.00000588  00000+0 -17196-2 0  9991
2 51630  87.8921 228.5651 0001367  55.3111 304.8145 13.10366247 82529
ONEWEB-0434             
1 51631U 22012K   23296.05029933  .00000377  00000+0  10444-2 0  9997
2 51631  87.8905 228.5314 0002071  69.9839 290.1511 13.10369404 83825
ONEWEB-0435             
1 51632U 22012L   23295.82933220 -.00000033  00000+0 -13129-3 0  9990
2 51632  87.8904 228.5647 0002022  62.3406 297.7926 13.10368768 83776
ONEWEB-0436             
1 51633U 22012M   23295.79881802  .00000155  00000+0  36726-3 0  9996
2 51633  87.9193 198.3280 0001966  69.3230 290.8112 13.17648112 86150
ONEWEB-0438             
1 51634U 22012N   23295.81311231  .00000712  00000+0  20045-2 0  9999
2 51634  87.8903 228.5688 0002099  77.3605 282.7756 13.10372989 82520
ONEWEB-0439             
1 51635U 22012P   23296.04541516  .00001416  00000+0  40200-2 0  9994
2 51635  87.8904 228.5055 0001901  73.9347 286.1989 13.10369689 83818
ONEWEB-0442             
1 51636U 22012Q   23295.79038022  .00000118  00000+0  26957-3 0  9991
2 51636  87.9258 198.3473 0001787 103.2244 256.9087 13.17649398 86143
ONEWEB-0443             
1 51637U 22012R   23296.18904247  .00000036  00000+0  60330-4 0  9990
2 51637  87.9255 198.2739 0002314  65.9917 294.1456 13.17651525 87536
ONEWEB-0444             
1 51638U 22012S   23295.88295757  .00000835  00000+0  23568-2 0  9993
2 51638  87.8910 228.5662 0002063  70.5637 289.5713 13.10372998 82523
ONEWEB-0445             
1 51639U 22012T   23295.82770312  .00000083  00000+0  20171-3 0  9996
2 51639  87.8906 228.5633 0001734  88.9020 271.2306 13.10370629 82525
ONEWEB-0446             
1 51640U 22012U   23295.88132322  .00000833  00000+0  23504-2 0  9992
2 51640  87.8909 228.5578 0001740  75.8875 284.2445 13.10375078 82518
ONEWEB-0448             
1 51641U 22012V   23295.88619942  .00000724  00000+0  20372-2 0  9990
2 51641  87.8908 228.5584 0002085  71.1422 288.9931 13.10373955 82484
ONEWEB-0449             
1 51642U 22012W   23295.89106747  .00000604  00000+0  16927-2 0  9994
2 51642  87.8908 228.5611 0002083  81.1197 279.0166 13.10375173 82490
ONEWEB-0451             
1 51643U 22012X   23295.79460051  .00000151  00000+0  35469-3 0  9995
2 51643  87.9194 198.3327 0002128  73.7148 286.4217 13.17653725 86133
ONEWEB-0452             
1 51644U 22012Y   23295.79249425  .00000123  00000+0  28456-3 0  9993
2 51644  87.9257 198.3479 0002224  80.7426 279.3956 13.17651531 86141
ONEWEB-0456             
1 51646U 22012AA  23296.05354116  .00000169  00000+0  44779-3 0  9995
2 51646  87.8904 228.5116 0001802  64.7234 295.4080 13.10368501 83841
ONEWEB-0457             
1 51647U 22012AB  23295.87808138  .00000644  00000+0  18097-2 0  9994
2 51647  87.8911 228.5496 0002086  86.7350 273.4016 13.10374714 83836
ONEWEB-0458             
1 51648U 22012AC  23296.20464201  .00000730  00000+0  20562-2 0  9998
2 51648  87.8906 228.4978 0002167  72.6618 287.4746 13.10368907 83838
ONEWEB-0461             
1 51649U 22012AD  23295.96547718  .00000008  00000+0 -12051-4 0  9991
2 51649  87.9245 198.2934 0001922  79.1165 281.0183 13.17646950 86381
ONEWEB-0463             
1 51650U 22012AE  23295.79670411  .00000001  00000+0 -30585-4 0  9996
2 51650  87.9257 198.3618 0001812  79.8639 280.2696 13.17648088 86145
ONEWEB-0464             
1 51651U 22012AF  23295.81958807  .00000519  00000+0  14503-2 0  9991
2 51651  87.8906 228.5625 0001919  60.6273 299.5045 13.10371494 82504
ONEWEB-0468             
1 51652U 22012AG  23295.90245385  .00000105  00000+0  26378-3 0  9997
2 51652  87.8905 228.5392 0001999  72.6966 287.4380 13.10370492 82498
ONEWEB-0473             
1 51653U 22012AH  23295.81147462  .00000627  00000+0  17588-2 0  9996
2 51653  87.8908 228.5613 0002052  71.0030 289.1319 13.10372357 82486
ONEWEB-0474             
1 51654U 22012AJ  23295.87969855  .00001410  00000+0  40019-2 0  9997
2 51654  87.8983 228.5370 0002152  58.1326 302.0011 13.10373281 82486
ONEWEB-0475             
1 51655U 22012AK  23295.95912508  .00000123  00000+0  28372-3 0  9999
2 51655  87.9258 198.3076 0002209  67.0890 293.0475 13.17651175 86180
ONEWEB-0490             
1 54113U 22138A   23296.10576006 -.00000080  00000+0 -23126-3 0  9993
2 54113  87.9189 137.6610 0001650  77.3254 282.8063 13.19727779 50010
ONEWEB-0492             
1 54114U 22138B   23295.82777152  .00000060  00000+0  11775-3 0  9990
2 54114  87.9189 137.7118 0001682  69.1026 291.0286 13.19724441 49117
ONEWEB-0495             
1 54115U 22138C   23295.80566127  .00000079  00000+0  16536-3 0  9997
2 54115  87.9190 137.7277 0001947  69.0279 291.1062 13.19727950 49097
ONEWEB-0497             
1 54116U 22138D   23295.81829326 -.00000415  00000+0 -10683-2 0  9994
2 54116  87.9190 137.7181 0002287  69.7194 290.4184 13.19727616 49088
ONEWEB-0499             
1 54117U 22138E   23295.80091859  .00000051  00000+0  95727-4 0  9994
2 54117  87.9187 137.7189 0002303  86.4717 273.6679 13.19725980 49094
ONEWEB-0500             
1 54118U 22138F   23295.80408228  .00000127  00000+0  28588-3 0  9991
2 54118  87.9194 137.7152 0001602  78.5691 281.5621 13.19724967 49108
ONEWEB-0501             
1 54119U 22138G   23295.83412490 -.00002466  00000+0 -61967-2 0  9998
2 54119  87.9197 137.7105 0002272  72.8539 287.2843 13.19703172 49083
ONEWEB-0502             
1 54120U 22138H   23296.12313249  .00000160  00000+0  36818-3 0  9990
2 54120  87.9191 137.6456 0001937  74.3882 285.7464 13.19726827 50011
ONEWEB-0503             
1 54121U 22138J   23296.11208375  .00000063  00000+0  12552-3 0  9994
2 54121  87.9189 137.6560 0001930  94.1979 265.9374 13.19726136 50007
ONEWEB-0504             
1 54122U 22138K   23295.87199270  .00000075  00000+0  15479-3 0  9994
2 54122  87.9190 137.7041 0002104  79.5368 280.6002 13.19723478 49116
ONEWEB-0505             
1 54123U 22138L   23295.94465079  .00000059  00000+0  11428-3 0  9998
2 54123  87.9190 137.6879 0002140  82.0837 278.0538 13.19722852 49104
ONEWEB-0506             
1 54124U 22138M   23295.84355880  .00000129  00000+0  28983-3 0  9998
2 54124  87.9189 137.7048 0001900  74.0414 286.0928 13.19727797 49089
ONEWEB-0507             
1 54125U 22138N   23295.93991861  .00001995  00000+0  49496-2 0  9997
2 54125  87.9140 137.6950 0002243  79.1440 280.9945 13.19720924 49148
ONEWEB-0508             
1 54126U 22138P   23295.93676474  .00000119  00000+0  26393-3 0  9997
2 54126  87.9187 137.6932 0002075  66.2616 293.8734 13.19725565 49128
ONEWEB-0509             
1 54127U 22138Q   23295.60820859  .00000124  00000+0  27634-3 0  9995
2 54127  87.9187 137.7558 0001843  78.9967 281.1373 13.19727748 49051
ONEWEB-0510             
1 54128U 22138R   23295.88445774 -.00000814  00000+0 -20340-2 0  9999
2 54128  87.9203 107.1616 0001382  80.1536 279.9754 13.20773258 51467
ONEWEB-0511             
1 54129U 22138S   23295.83250816  .00000571  00000+0  13929-2 0  9999
2 54129  87.9200 137.7135 0002455  90.5818 269.5596 13.19721789 49118
ONEWEB-0512             
1 54130U 22138T   23296.12787403 -.00007285  00000+0 -18235-1 0  9996
2 54130  87.9189 137.6522 0002233  65.7333 294.4033 13.19760460 49993
ONEWEB-0513             
1 54131U 22138U   23295.79538259 -.00000021  00000+0 -85857-4 0  9990
2 54131  87.9187 137.7227 0002418  75.2310 284.9091 13.19727316 48968
ONEWEB-0514             
1 54132U 22138V   23295.84040303  .00000121  00000+0  26968-3 0  9991
2 54132  87.9190 137.7132 0001783  84.3631 275.7704 13.19724091 49102
ONEWEB-0515             
1 54133U 22138W   23295.94760025  .00000065  00000+0  12753-3 0  9997
2 54133  87.9148 107.1680 0000774 102.2280 257.8940 13.20771319 51499
ONEWEB-0516             
1 54134U 22138X   23296.11840528  .00000138  00000+0  31238-3 0  9995
2 54134  87.9190 137.6537 0001670  78.1978 281.9342 13.19725971 50019
ONEWEB-0517             
1 54135U 22138Y   23295.94625565  .00000364  00000+0  87788-3 0  9990
2 54135  87.9191 137.6889 0002067  77.6454 282.4910 13.19724669 49125
ONEWEB-0518             
1 54136U 22138Z   23296.11681707  .00000032  00000+0  48000-4 0  9998
2 54136  87.9190 137.6541 0001854  85.3969 274.7375 13.19727048 50013
ONEWEB-0519             
1 54137U 22138AA  23295.83884081  .00002311  00000+0  57404-2 0  9995
2 54137  87.9181 137.7070 0002847  83.2219 276.9238 13.19716105 49113
ONEWEB-0520             
1 54138U 22138AB  23295.79777058  .00000149  00000+0  34018-3 0  9990
2 54138  87.9188 137.7181 0002026  67.3051 292.8296 13.19727159 49099
ONEWEB-0521             
1 54139U 22138AC  23295.83093917  .00000143  00000+0  32552-3 0  9996
2 54139  87.9188 137.7080 0001950  90.6901 269.4455 13.19724228 49042
ONEWEB-0522             
1 54140U 22138AD  23296.11366544 -.00000019  00000+0 -79107-4 0  9991
2 54140  87.9189 137.6541 0001655  77.5895 282.5423 13.19726641 49990
ONEWEB-0523             
1 54141U 22138AE  23295.93496867  .00000889  00000+0  21533-2 0  9994
2 54141  87.9149 107.1969 0001400 130.4673 229.6582 13.20770084 51492
ONEWEB-0524             
1 54142U 22138AF  23295.92235969  .00000016  00000+0  79633-5 0  9997
2 54142  87.9180 107.1853 0000491  77.1903 282.9285 13.20772680 51498
ONEWEB-0525             
1 54143U 22138AG  23295.82934140 -.00000233  00000+0 -61505-3 0  9994
2 54143  87.9192 137.7128 0001936  72.8367 287.2978 13.19725200 49103
ONEWEB-0526             
1 54144U 22138AH  23295.93834612  .00000077  00000+0  16046-3 0  9994
2 54144  87.9190 137.6908 0001628  76.3467 283.7847 13.19727026 49097
ONEWEB-0529             
1 54145U 22138AJ  23295.86568626  .00000538  00000+0  13109-2 0  9994
2 54145  87.9189 137.7037 0002119  69.3004 290.8356 13.19722843 49103
ONEWEB-0531             
1 54146U 22138AK  23295.90973160  .00000100  00000+0  21310-3 0  9992
2 54146  87.9191 107.1719 0000904 129.3729 230.7484 13.20772867 51499
ONEWEB-0535             
1 54147U 22138AL  23296.12629626  .00000095  00000+0  20458-3 0  9998
2 54147  87.9188 137.6524 0001593  93.2676 266.8639 13.19728193 50024
ONEWEB-0536             
1 54148U 22138AM  23296.20011552  .00000089  00000+0  18758-3 0  9994
2 54148  87.9191 107.1639 0001730 129.3282 230.8005 13.20772169 52399
ONEWEB-0527             
1 54642U 22166A   23295.93861343  .00000222  00000+0  50615-3 0  9991
2 54642  87.9184  76.7697 0001580  92.9506 267.1808 13.21825253 43626
ONEWEB-0528             
1 54643U 22166B   23295.94491754  .00000003  00000+0 -24532-4 0  9996
2 54643  87.9211  76.7312 0001726  88.7396 271.3936 13.21826977 43638
ONEWEB-0539             
1 54644U 22166C   23296.13257893 -.00003581  00000+0 -87022-2 0  9999
2 54644  87.9209  76.6932 0001719 108.5157 251.6164 13.21843815 44108
ONEWEB-0540             
1 54645U 22166D   23295.89996450  .00000094  00000+0  19667-3 0  9996
2 54645  87.9212  76.7654 0001975  92.9064 267.2296 13.21825096 43617
ONEWEB-0542             
1 54646U 22166E   23295.91493589 -.00001147  00000+0 -28098-2 0  9994
2 54646  87.9207  76.7373 0002732 109.4368 250.7061 13.21830934 43628
ONEWEB-0545             
1 54647U 22166F   23295.88182225  .00000094  00000+0  19552-3 0  9997
2 54647  87.9209  76.7842 0002272  94.0104 266.1290 13.21824953 43582
ONEWEB-0580             
1 54648U 22166G   23295.93071939 -.00000015  00000+0 -67798-4 0  9994
2 54648  87.9206  76.7293 0002214 105.4718 254.6660 13.21825068 43631
ONEWEB-0582             
1 54649U 22166H   23295.89759075  .00000088  00000+0  18040-3 0  9997
2 54649  87.9211  76.7758 0001981  88.1818 271.9543 13.21824982 43605
ONEWEB-0583             
1 54650U 22166J   23296.13572280  .00000054  00000+0  99388-4 0  9996
2 54650  87.9208  76.7346 0001222 109.7603 250.3663 13.21826501 44127
ONEWEB-0584             
1 54651U 22166K   23295.92913407  .00001457  00000+0  34967-2 0  9991
2 54651  87.9208  76.7324 0002275 117.5965 242.5400 13.21817824 43603
ONEWEB-0585             
1 54652U 22166L   23296.10574975  .00000037  00000+0  59028-4 0  9996
2 54652  87.9210  76.7004 0001807  86.5862 273.5478 13.21827059 44109
ONEWEB-0586             
1 54653U 22166M   23296.19406238  .00001102  00000+0  26367-2 0  9994
2 54653  87.9185  76.7237 0001901 100.0419 260.0930 13.21822162 44119
ONEWEB-0587             
1 54654U 22166N   23295.90072781 -.00000740  00000+0 -18239-2 0  9993
2 54654  87.9202  76.7304 0001336  86.4826 273.6460 13.21831585 43763
ONEWEB-0589             
1 54655U 22166P   23295.88815180  .00000108  00000+0  22915-3 0  9992
2 54655  87.9212  76.7492 0002573 114.0597 246.0807 13.21828039 43624
ONEWEB-0590             
1 54656U 22166Q   23295.91178899  .00000115  00000+0  24775-3 0  9990
2 54656  87.9208  76.7490 0001411  97.8934 262.2360 13.21822064 43616
ONEWEB-0591             
1 54657U 22166R   23296.15148113 -.00005817  00000+0 -14118-1 0  9998
2 54657  87.9213  76.7005 0001975 135.9525 224.1767 13.21857904 44137
ONEWEB-0592             
1 54658U 22166S   23296.15466127  .00000442  00000+0  10385-2 0  9997
2 54658  87.9198  76.6810 0001931 103.1927 256.9422 13.21824879 44022
ONEWEB-0593             
1 54659U 22166T   23295.87552600 -.00000190  00000+0 -49254-3 0  9998
2 54659  87.9210  76.7478 0001867 104.4848 255.6493 13.21824598 43620
ONEWEB-0594             
1 54660U 22166U   23295.89443473  .00000089  00000+0  18450-3 0  9998
2 54660  87.9208  76.7413 0001766  88.3183 271.8153 13.21825355 43645
ONEWEB-0595             
1 54661U 22166V   23295.87235571  .00000031  00000+0  44433-4 0  9993
2 54661  87.9206  76.7385 0001351  93.5292 266.5996 13.21826265 43615
ONEWEB-0596             
1 54662U 22166W   23295.92124932 -.00000076  00000+0 -21446-3 0  9997
2 54662  87.9207  76.7299 0001861 109.9438 250.1896 13.21824945 43623
ONEWEB-0597             
1 54663U 22166X   23295.90232527  .00000126  00000+0  27326-3 0  9993
2 54663  87.9206  76.7345 0002118  99.9467 260.1906 13.21825320 43622
ONEWEB-0600             
1 54664U 22166Y   23295.88498640  .00000057  00000+0  10540-3 0  9994
2 54664  87.9210  76.7884 0001972  96.2828 263.8530 13.21823480 43598
ONEWEB-0601             
1 54665U 22166Z   23295.87707915  .00000096  00000+0  20158-3 0  9991
2 54665  87.9207  76.7395 0001735 112.4456 247.6862 13.21822768 43784
ONEWEB-0602             
1 54666U 22166AA  23295.91808126 -.00000889  00000+0 -21847-2 0  9990
2 54666  87.9205  76.7381 0002033  99.2728 260.8635 13.21830330 43637
ONEWEB-0603             
1 54667U 22166AB  23295.92284674  .00001246  00000+0  29848-2 0  9993
2 54667  87.9210  76.7339 0002217 107.1268 253.0109 13.21821946 43564
ONEWEB-0604             
1 54668U 22166AC  23295.91022342  .00000512  00000+0  12074-2 0  9993
2 54668  87.9204  76.7328 0002263  92.0794 268.0599 13.21823896 43524
ONEWEB-0605             
1 54669U 22166AD  23295.90393610  .00000246  00000+0  56384-3 0  9999
2 54669  87.9217  76.7586 0002271 116.4130 243.7237 13.21834316 44067
ONEWEB-0606             
1 54670U 22166AE  23295.92599407  .00001520  00000+0  36490-2 0  9996
2 54670  87.9206  76.7416 0001513  91.5174 268.6134 13.21819837 43655
ONEWEB-0607             
1 54671U 22166AF  23296.11994026 -.00000993  00000+0 -24359-2 0  9991
2 54671  87.9201  76.6919 0001874 101.5020 258.6324 13.21830343 44117
ONEWEB-0608             
1 54672U 22166AG  23295.89914758 -.00000730  00000+0 -17993-2 0  9995
2 54672  87.9205  76.7406 0002148 112.6495 247.4867 13.21828637 43635
ONEWEB-0610             
1 54673U 22166AH  23295.88022141 -.00001138  00000+0 -27866-2 0  9994
2 54673  87.9213  76.7432 0002073 110.3517 249.7840 13.21828742 43533
ONEWEB-0611             
1 54674U 22166AJ  23295.87392425 -.00000138  00000+0 -36451-3 0  9999
2 54674  87.9208  76.7468 0001543  79.7147 280.4161 13.21830981 43520
ONEWEB-0612             
1 54675U 22166AK  23295.88652943 -.00002120  00000+0 -51642-2 0  9996
2 54675  87.9212  76.7350 0001919 103.0479 257.0870 13.21832710 43510
ONEWEB-0615             
1 54676U 22166AL  23295.94331356 -.00000809  00000+0 -19897-2 0  9994
2 54676  87.9219  76.7382 0001968  95.2356 264.9003 13.21828026 43535
ONEWEB-0655             
1 54677U 22166AM  23296.14361802 -.00000058  00000+0 -17222-3 0  9994
2 54677  87.9208  76.7044 0002091  97.4527 262.6844 13.21843568 44022
ONEWEB-0659             
1 54678U 22166AN  23295.93386839  .00000026  00000+0  31224-4 0  9990
2 54678  87.9186  76.7711 0001405  91.2376 268.8918 13.21825607 43619
ONEWEB-0685             
1 54679U 22166AP  23296.16255322  .00001870  00000+0  44961-2 0  9997
2 54679  87.9215  76.6939 0002651 113.2708 246.8705 13.21818040 44009
ONEWEB-0712             
1 54680U 22166AQ  23295.88990505  .00000076  00000+0  16412-3 0  9994
2 54680  87.9206  61.4485 0001498  82.9359 277.1942 13.16593609 44646
ONEWEB-0714             
1 54681U 22166AR  23295.94173558 -.00000151  00000+0 -39627-3 0  9992
2 54681  87.9207  76.7273 0002046  98.6008 261.5358 13.21826181 43622
ONEWEB-0532             
1 55140U 23004A   23295.77033470  .00000035  00000+0  56130-4 0  9992
2 55140  87.9254 198.3255 0001372 104.0343 256.0941 13.17644861 40050
ONEWEB-0533             
1 55141U 23004B   23295.71379793  .00001960  00000+0  54137-2 0  9999
2 55141  87.9009 183.1614 0002025  75.9486 284.1867 13.12428164 41028
ONEWEB-0541             
1 55142U 23004C   23295.82502191 -.00000009  00000+0 -60670-4 0  9998
2 55142  87.8991 213.4383 0001848  78.1354 281.9981 13.11423135 39020
ONEWEB-0572             
1 55151U 23004M   23295.80092843  .00000206  00000+0  49856-3 0  9993
2 55151  87.9258 198.3229 0001669  90.9456 269.1867 13.17648090 39951
ONEWEB-0598             
1 55154U 23004Q   23295.80067087 -.00000639  00000+0 -18397-2 0  9995
2 55154  87.8995 213.4841 0001126  56.8777 303.2459 13.11417343 38972
ONEWEB-0599             
1 55155U 23004R   23295.76298442  .00000089  00000+0  19693-3 0  9990
2 55155  87.9261 198.3043 0001900  69.2518 290.8817 13.17645945 39951
ONEWEB-0614             
1 55156U 23004S   23295.79581993 -.00000347  00000+0 -10147-2 0  9993
2 55156  87.9020 213.4702 0002160  85.1120 275.0255 13.11411908 38911
ONEWEB-0616             
1 55157U 23004T   23295.95596550  .00000140  00000+0  32831-3 0  9991
2 55157  88.1155 197.9477 0002709  53.5195 306.6186 13.17647859 40198
ONEWEB-0617             
1 55158U 23004U   23295.86076742  .00000438  00000+0  11990-2 0  9990
2 55158  87.9000 213.4692 0001751  92.0907 268.0422 13.11414034 38948
ONEWEB-0619             
1 55160U 23004W   23295.76402531 -.00000009  00000+0 -56289-4 0  9999
2 55160  87.9256 198.3025 0002540  78.4096 281.7321 13.17647202 40066
ONEWEB-0620             
1 55161U 23004X   23295.85589958  .00000302  00000+0  81711-3 0  9990
2 55161  87.9009 213.4728 0001489  92.2691 267.8608 13.11419549 38917
ONEWEB-0621             
1 55162U 23004Y   23295.80556124 -.00000449  00000+0 -13035-2 0  9992
2 55162  87.8992 213.4678 0002291  80.9243 279.2144 13.11414866 38886
ONEWEB-0622             
1 55163U 23004Z   23295.81203349 -.00000535  00000+0 -15466-2 0  9998
2 55163  87.8999 213.4773 0001874 106.9241 253.2093 13.11418959 38874
ONEWEB-0623             
1 55164U 23004AA  23295.75767539  .00000100  00000+0  22380-3 0  9998
2 55164  87.9235 198.3683 0002071 101.5304 258.6060 13.17645540 40051
ONEWEB-0624             
1 55165U 23004AB  23296.13310943  .00000253  00000+0  66792-3 0  9999
2 55165  87.9058 183.0643 0002167  79.3981 280.7392 13.12418206 41070
ONEWEB-0625             
1 55166U 23004AC  23295.82099170  .00000011  00000+0 -57020-5 0  9990
2 55166  87.9240 198.3538 0002133  73.1799 286.9567 13.17649131 40055
ONEWEB-0626             
1 55167U 23004AD  23296.18797849  .00000044  00000+0  80790-4 0  9993
2 55167  87.9252 198.2708 0001216  72.3778 287.7487 13.17653611 40100
ONEWEB-0627             
1 55168U 23004AE  23296.18166165 -.00005194  00000+0 -13412-1 0  9992
2 55168  87.9232 198.2872 0001996 106.0991 254.0360 13.17676775 40101
ONEWEB-0628             
1 55169U 23004AF  23295.96157498 -.00000015  00000+0 -78172-4 0  9991
2 55169  87.8981 183.1865 0002110  89.7991 270.3380 13.12444642 41030
ONEWEB-0629             
1 55170U 23004AG  23295.79564762  .00000139  00000+0  32558-3 0  9992
2 55170  87.9250 198.3487 0002366  83.7752 276.3649 13.17652816 40056
ONEWEB-0709             
1 55172U 23004AJ  23295.84449806  .00000718  00000+0  19907-2 0  9996
2 55172  87.9013 213.4748 0000992  62.6403 297.4826 13.11422500 38952
ONEWEB-0710             
1 55173U 23004AK  23295.78931286  .00000177  00000+0  42254-3 0  9999
2 55173  87.9251 198.3592 0001627  77.5105 282.6208 13.17652832 40058
ONEWEB-0711             
1 55174U 23004AL  23295.81693308  .00001314  00000+0  36708-2 0  9994
2 55174  87.9012 213.4534 0002193 106.6512 253.4857 13.11414328 38912
ONEWEB-0713             
1 55175U 23004AM  23295.83477085  .00000498  00000+0  13688-2 0  9993
2 55175  87.9010 213.4577 0002075  86.5158 273.6207 13.11412080 38904
ONEWEB-0715             
1 55176U 23004AN  23295.82989113  .00000797  00000+0  22120-2 0  9996
2 55176  87.8993 213.4702 0002158  79.9256 280.2115 13.11413677 38940
ONEWEB-0716             
1 55177U 23004AP  23295.78299386  .00000128  00000+0  29762-3 0  9996
2 55177  87.9233 198.3603 0002052  67.1819 292.9529 13.17651047 40052
ONEWEB-0717             
1 55178U 23004AQ  23295.76611573 -.00000055  00000+0 -17427-3 0  9997
2 55178  87.9255 198.3180 0001600 110.5967 249.5336 13.17647619 40102
ONEWEB-0719             
1 55179U 23004AR  23295.77667359  .00000100  00000+0  22363-3 0  9996
2 55179  87.9250 198.3034 0002128  79.3431 280.7940 13.17650570 40052
ONEWEB-0530             
1 55796U 23029A   23296.25001157  .00006522  00000+0  13100-1 0  9991
2 55796  87.9655 107.1663 0002467  84.9312 237.9823 13.34074265 34066
ONEWEB-0534             
1 55797U 23029B   23296.25001157  .00005878  00000+0  11800-1 0  9990
2 55797  87.9689 107.1662 0002238  79.9386 245.3819 13.34094543 34030
ONEWEB-0556             
1 55798U 23029C   23296.25001157 -.00000988  00000+0 -20208-2 0  9993
2 55798  87.9676 107.1651 0002389  70.2632  83.7539 13.33985043 34047
ONEWEB-0562             
1 55799U 23029D   23296.25001157  .00006900  00000+0  13850-1 0  9996
2 55799  87.9669 107.1546 0002429  84.2314 275.6303 13.34120649 34034
ONEWEB-0563             
1 55800U 23029E   23296.25001157  .00004172  00000+0  83588-2 0  9994
2 55800  87.9653 107.1741 0001743  71.7689 160.7799 13.34170428 34034
ONEWEB-0564             
1 55801U 23029F   23296.00002315 -.00006040  00000+0 -12194-1 0  9997
2 55801  87.9666 107.2012 0002359  85.0752 139.1641 13.34104278  5487
ONEWEB-0638             
1 55802U 23029G   23296.02234184 -.00011213  00000+0 -30293-1 0  9999
2 55802  87.8950 122.4730 0001919  68.7600 291.3734 13.14555143 32911
ONEWEB-0639             
1 55803U 23029H   23296.07890241 -.00000259  00000+0 -67982-3 0  9992
2 55803  87.9188 137.6585 0002121  40.0673 320.0616 13.19724991 31902
ONEWEB-0640             
1 55804U 23029J   23295.80243209  .00000034  00000+0  58457-4 0  9996
2 55804  87.8926 122.5271 0002703  70.0265 290.1156 13.14507306 32195
ONEWEB-0641             
1 55805U 23029K   23296.07418107 -.00000039  00000+0 -13060-3 0  9995
2 55805  87.9125 137.6758 0001663  70.3234 289.8078 13.19725417 31915
ONEWEB-0642             
1 55806U 23029L   23295.84198536  .00000171  00000+0  39407-3 0  9999
2 55806  87.9192 137.7073 0001826  42.7784 317.3490 13.19723705 31187
ONEWEB-0643             
1 55807U 23029M   23295.77497891  .00000498  00000+0  13079-2 0  9996
2 55807  87.8953 122.4980 0001321  54.3751 305.7501 13.14506338 32162
ONEWEB-0644             
1 55808U 23029N   23296.06470755 -.00000093  00000+0 -26516-3 0  9994
2 55808  87.9121 137.6625 0001804  56.0972 304.0333 13.19726814 31909
ONEWEB-0645             
1 55809U 23029P   23296.06076448  .00000123  00000+0  27561-3 0  9999
2 55809  87.9192 137.6596 0002001  64.1801 295.9538 13.19724207 31905
ONEWEB-0646             
1 55810U 23029Q   23295.93913352  .00000457  00000+0  11101-2 0  9992
2 55810  87.9190 137.6870 0001627  72.0590 288.0720 13.19725148 31187
ONEWEB-0648             
1 55811U 23029R   23296.04240838 -.00005860  00000+0 -15989-1 0  9990
2 55811  87.8951 122.4108 0002383  49.0387 311.0948 13.13910066 32916
ONEWEB-0649             
1 55812U 23029S   23295.82620139  .00001244  00000+0  30751-2 0  9997
2 55812  87.9196 137.7094 0002166  74.4550 285.6822 13.19722129 31200
ONEWEB-0650             
1 55813U 23029T   23296.12471217  .00000131  00000+0  29611-3 0  9991
2 55813  87.9187 137.6469 0001492  66.8288 293.3002 13.19723425 31903
ONEWEB-0652             
1 55814U 23029U   23295.79823555  .00000056  00000+0  11539-3 0  9996
2 55814  87.8951 122.4738 0001990  86.6499 273.4858 13.14508218 32141
ONEWEB-0653             
1 55815U 23029V   23296.08910366 -.00000066  00000+0 -21149-3 0  9998
2 55815  87.9031 122.3547 0002056  84.3317 275.8048 13.15037031 32909
ONEWEB-0654             
1 55816U 23029W   23296.08366867 -.00000189  00000+0 -54472-3 0  9991
2 55816  87.8953 122.4082 0002064 101.4121 258.7241 13.14508169 32921
ONEWEB-0656             
1 55817U 23029X   23296.25001157  .00000014  00000+0  00000+0 0  9998
2 55817  87.8634 107.1190 0002015  41.6584  34.7500 13.41205006 34041
ONEWEB-0657             
1 55818U 23029Y   23296.11998400 -.00000063  00000+0 -19015-3 0  9996
2 55818  87.9196 137.6535 0001021 118.3580 241.7656 13.19726724 31905
ONEWEB-0658             
1 55819U 23029Z   23295.81197972  .00000113  00000+0  25005-3 0  9998
2 55819  87.9178 137.6579 0001636  58.2195 301.9097 13.19728052 31195
ONEWEB-0660             
1 55820U 23029AA  23296.05926141 -.00009951  00000+0 -27112-1 0  9995
2 55820  87.8959 122.3842 0001774  68.1369 291.9948 13.13980855 32923
ONEWEB-0661             
1 55821U 23029AB  23295.94413893 -.00000060  00000+0 -19645-3 0  9994
2 55821  87.8954 122.4771 0002096  74.8712 285.2649 13.14503757 32180
ONEWEB-0662             
1 55822U 23029AC  23295.90182349  .00000280  00000+0  72158-3 0  9990
2 55822  87.8953 122.4933 0001893  69.1703 290.9629 13.14504483 32224
ONEWEB-0663             
1 55823U 23029AD  23296.25001157  .00000014  00000+0  00000+0 0  9995
2 55823  87.8912 107.1716 0002346  53.0360 240.5537 13.39299023 34032
ONEWEB-0664             
1 55824U 23029AE  23296.25001157  .00000014  00000+0  00000+0 0  9996
2 55824  87.8945 107.1875 0002030  61.4528 131.8240 13.39203777 34038
ONEWEB-0665             
1 55825U 23029AF  23295.78765931 -.00000075  00000+0 -23688-3 0  9991
2 55825  87.8953 122.4832 0001926  74.5110 285.6232 13.14505957 32187
ONEWEB-0666             
1 55826U 23029AG  23296.25001157  .00000014  00000+0  00000+0 0  9998
2 55826  87.8853 107.1724 0001196  49.3382  27.9978 13.39967515 34047
ONEWEB-0667             
1 55827U 23029AH  23296.25001157  .00000014  00000+0  00000+0 0  9999
2 55827  87.8404 107.1245 0002055  65.1162 237.2363 13.42482474 34038
ONEWEB-0669             
1 55828U 23029AJ  23296.25001157  .00000014  00000+0  00000+0 0  9990
2 55828  87.8831 107.1435 0002367  14.9984   4.3778 13.39868335 34037
ONEWEB-0670             
1 55829U 23029AK  23295.91876943 -.00000266  00000+0 -75244-3 0  9993
2 55829  87.8957 122.4546 0002499  71.7623 288.3779 13.14498786 32223
ONEWEB-0671             
1 55830U 23029AL  23296.11050275 -.00000103  00000+0 -29001-3 0  9990
2 55830  87.9197 137.6570 0002224  73.6870 286.4507 13.19728592 31906
ONEWEB-0672             
1 55831U 23029AM  23296.25001157  .00000014  00000+0  00000+0 0  9994
2 55831  87.8644 107.1330 0001851  54.7511 209.9225 13.40989596 34037
ONEWEB-0673             
1 55832U 23029AN  23295.93518187  .00000095  00000+0  20378-3 0  9998
2 55832  87.9090 137.7061 0001911  72.0508 288.0832 13.19727688 31194
ONEWEB-0674             
1 55833U 23029AP  23296.03387261  .00000085  00000+0  19742-3 0  9990
2 55833  87.8949 122.4472 0002404  81.8631 278.2771 13.13949671 32902
ONEWEB-0675             
1 55834U 23029AQ  23296.10260691 -.00000056  00000+0 -17272-3 0  9992
2 55834  87.9111 137.6538 0001187  84.5156 275.6112 13.19727771 31949
ONEWEB-0720             
1 55835U 23029AR  23295.94306932  .00000205  00000+0  47947-3 0  9999
2 55835  87.9098 137.6897 0001800  63.1977 296.9339 13.19723006 31133
ONEWEB-0547             
1 56049U 23043D   23295.94017745  .00000097  00000+0  20411-3 0  9990
2 56049  87.9209  76.7365 0001134  87.9419 272.1845 13.21825296 30317
ONEWEB-0549             
1 56051U 23043F   23295.93227758 -.00003662  00000+0 -88987-2 0  9993
2 56051  87.9206  76.7396 0001395  84.3690 275.7603 13.21848554 30315
ONEWEB-0550             
1 56052U 23043G   23295.91968424 -.00000002  00000+0 -37019-4 0  9991
2 56052  87.9212  76.7537 0001881  91.5291 268.6058 13.21827713 30316
ONEWEB-0551             
1 56053U 23043H   23295.87016179 -.00000469  00000+0 -12811-2 0  9996
2 56053  87.8953  92.0099 0001485  84.1142 276.0157 13.15547474 29086
ONEWEB-0552             
1 56054U 23043J   23295.91337853 -.00000007  00000+0 -49597-4 0  9998
2 56054  87.9212  76.7657 0001674  90.3325 269.8000 13.21828296 30313
ONEWEB-0558             
1 56059U 23043P   23295.90707188  .00000234  00000+0  53419-3 0  9991
2 56059  87.9215  76.7437 0001548  76.6541 283.4766 13.21826380 30328
ONEWEB-0559             
1 56060U 23043Q   23295.89600969  .00000086  00000+0  17643-3 0  9994
2 56060  87.9213  76.7471 0002073  78.4117 281.7250 13.21823601 30332
ONEWEB-0566             
1 56061U 23043R   23295.88969406  .00000136  00000+0  29762-3 0  9999
2 56061  87.9207  76.7507 0001550  67.2348 292.8949 13.21826053 30317
ONEWEB-0574             
1 56063U 23043T   23295.88341702  .00000065  00000+0  12504-3 0  9991
2 56063  87.9211  76.7479 0001548  95.0392 265.0919 13.21827951 30358
ONEWEB-0578             
1 56067U 23043X   23295.94646805  .00000027  00000+0  34777-4 0  9999
2 56067  87.9213  76.7301 0001669 100.8354 259.2968 13.21824054 30322
ONEWEB-0579             
1 56068U 23043Y   23296.16411295 -.00000066  00000+0 -19145-3 0  9994
2 56068  87.9211  76.6893 0001945  80.7558 279.3795 13.21825437 31277
ONEWEB-0609             
1 56070U 23043AA  23296.20186653 -.00003527  00000+0 -94055-2 0  9996
2 56070  87.8930  91.9444 0001274 102.2255 257.9018 13.15563017 30071
ONEWEB-0613             
1 56071U 23043AB  23296.19767454  .00000165  00000+0  40476-3 0  9991
2 56071  87.8954  91.9199 0001704  78.0371 282.0951 13.15548815 30076
ONEWEB-0630             
1 56072U 23043AC  23296.19344593  .00000077  00000+0  17133-3 0  9993
2 56072  87.8950  91.9203 0001454  75.4068 284.7223 13.15548970 30067
ONEWEB-0632             
1 56073U 23043AD  23295.88499210  .00000306  00000+0  77998-3 0  9996
2 56073  87.8954  91.9977 0002300  83.4340 276.7052 13.15549635 29117
ONEWEB-0633             
1 56074U 23043AE  23295.87860198 -.00000376  00000+0 -10325-2 0  9992
2 56074  87.8944  91.9921 0001372  67.2535 292.8740 13.15550865 29097
ONEWEB-0634             
1 56075U 23043AF  23295.93885674  .00000520  00000+0  13459-2 0  9996
2 56075  87.8946  91.9756 0001254  99.6460 260.4812 13.15546584 29095
ONEWEB-0635             
1 56076U 23043AG  23295.93354964 -.00000099  00000+0 -29770-3 0  9997
2 56076  87.8930  92.0492 0002222  85.2877 274.8507 13.15547701 29123
ONEWEB-0636             
1 56077U 23043AH  23295.92509359 -.00000123  00000+0 -36109-3 0  9999
2 56077  87.8935  92.0140 0002130  88.4492 271.6883 13.15547075 29109
ONEWEB-0637             
1 56078U 23043AJ  23295.91879283  .00000732  00000+0  19104-2 0  9994
2 56078  87.8962  91.9770 0002416  95.3677 264.7729 13.15546095 29121
ONEWEB-0647             
1 56079U 23043AK  23295.91455718 -.00000331  00000+0 -91452-3 0  9992
2 56079  87.8957  92.0025 0002337  85.3764 274.7633 13.15550720 29113
ONEWEB-0651             
1 56080U 23043AL  23295.98639018 -.00001611  00000+0 -43124-2 0  9992
2 56080  87.8956  91.9615 0002083 106.3712 253.7647 13.15555555 29126
ONEWEB-0718             
1 56081U 23043AM  23295.90610721  .00000093  00000+0  21276-3 0  9991
2 56081  87.8879  91.9911 0000965 111.8540 248.2692 13.15550709 29122
ONEWEB-0561             
1 56710U 23068A   23295.92612941  .00002429  00000+0  48485-2 0  9990
2 56710  88.2873 101.6594 0002481  74.6509 285.4906 13.34298624 21480
ONEWEB-0677             
1 56713U 23068D   23295.91652845  .00001661  00000+0  32845-2 0  9999
2 56713  88.3208  99.5871 0002384  99.3799 260.7613 13.34752163 21660
ONEWEB-0678             
1 56714U 23068E   23295.87536394 -.00008075  00000+0 -21528-1 0  9998
2 56714  87.8956  91.9332 0001076  95.3698 264.7555 13.15472269 21972
ONEWEB-0682             
1 56718U 23068J   23295.92214573  .00000022  00000+0  20027-4 0  9998
2 56718  88.0984  91.6804 0001642  94.6415 265.4911 13.28744980 22105
ONEWEB-0683             
1 56719U 23068K   23295.98671422  .00000823  00000+0  17737-2 0  9996
2 56719  88.1009  91.6382 0001306 133.0283 227.0964 13.28505653 22782
ONEWEB-0684             
1 56720U 23068L   23296.00325916  .00002705  00000+0  71499-2 0  9992
2 56720  87.8911  91.9949 0000521 130.7574 229.3601 13.15533911 22652
ONEWEB-0696             
1 56723U 23068P   23295.99557413  .00000051  00000+0  83198-4 0  9994
2 56723  88.1007  91.8323 0002923  53.1631 306.9774 13.28960877 22742
ONEWEB-0703             
1 56724U 23068Q   23295.97158442  .00000096  00000+0  21967-3 0  9996
2 56724  87.8513  92.0208 0002651  65.8545 294.2862 13.15552218 22657