ONEWEB-0240             
1 48785U 21045U   23295.89658620  .00000181  00000+0  44717-3 0  9994
2 48785  87.8948  91.9544 0001334  78.3489 281.7791 13.15545486117095
ONEWEB-0246             
1 48786U 21045V   23295.89236690  .00000169  00000+0  41519-3 0  9997
2 48786  87.8947  91.9571 0001708  75.1457 284.9862 13.15546464116966
ONEWEB-0210             
1 48787U 21045W   23295.94307830  .00000022  00000+0  24209-4 0  9995
2 48787  87.8945  91.9551 0002312  76.3780 283.7607 13.15548443117017
ONEWEB-0214             
1 48788U 21045X   23295.87757517  .00000086  00000+0  19538-3 0  9997
2 48788  87.8948  91.9573 0002329  79.5818 280.5575 13.15546481116973
ONEWEB-0221             
1 48789U 21045Y   23295.88392214  .00000146  00000+0  35327-3 0  9999
2 48789  87.8948  91.9673 0001816  90.1696 269.9643 13.15546595117062
ONEWEB-0213             
1 48790U 21045Z   23295.94728421  .00000053  00000+0  10548-3 0  9996
2 48790  87.8947  91.9718 0001647  75.5737 284.5576 13.15551270117130
ONEWEB-0212             
1 48791U 21045AA  23295.92827718 -.00000051  00000+0 -16961-3 0  9999
2 48791  87.8946  91.9561 0001604  98.3283 261.8029 13.15547457117120
ONEWEB-0227             
1 48792U 21045AB  23296.15011936 -.00000134  00000+0 -39067-3 0  9997
2 48792  87.8951  91.9268 0001516  88.0954 272.0350 13.15547522118231
ONEWEB-0226             
1 48793U 21045AC  23296.14378832  .00000011  00000+0 -49047-5 0  9992
2 48793  87.8950  91.9362 0002016  72.3554 287.7796 13.15548242118196
ONEWEB-0224             
1 48794U 21045AD  23295.88180627  .00000603  00000+0  15663-2 0  9996
2 48794  87.8957  91.9953 0001794 113.1941 246.9378 13.15547221116968
ONEWEB-0233             
1 48795U 21045AE  23295.87495505  .00034706  00000+0  91393-1 0  9994
2 48795  87.8896  92.0454 0002368 100.1401 259.9997 13.15856554116978
ONEWEB-0190             
1 48796U 21045AF  23296.17757595 -.00003364  00000+0 -89702-2 0  9999
2 48796  87.8942  91.9244 0001585  55.3880 304.7400 13.15564393118212
ONEWEB-0236             
1 48797U 21045AG  23295.89024093  .00000448  00000+0  11547-2 0  9998
2 48797  87.8952  91.9591 0001538  86.9274 273.2032 13.15549277116947
ONEWEB-0248             
1 48798U 21045AH  23296.13110158  .00000028  00000+0  39956-4 0  9995
2 48798  87.8948  91.9224 0001131  62.0622 298.0623 13.15549406118258
ONEWEB-0225             
1 48799U 21045AJ  23295.92405398 -.00000119  00000+0 -34937-3 0  9991
2 48799  87.8943  91.9730 0001619  68.6235 291.5068 13.15549089117111
ONEWEB-0215             
1 48800U 21045AK  23296.19869831 -.00002340  00000+0 -62496-2 0  9998
2 48800  87.8945  91.8971 0001061  62.4809 297.6429 13.15558284118141
ONEWEB-0216             
1 48801U 21045AL  23295.90504542  .00000036  00000+0  60390-4 0  9993
2 48801  87.8949  91.9942 0001956  84.9274 275.2080 13.15553770116994
ONEWEB-0239             
1 48802U 21045AM  23295.90926940 -.00004468  00000+0 -11905-1 0  9994
2 48802  87.8959  91.9477 0001178  48.5210 311.6022 13.15568060117036
ONEWEB-0249             
1 48967U 21060A   23295.85083847  .00000002  00000+0 -27574-4 0  9998
2 48967  87.9057  61.4929 0001675  99.3941 260.7379 13.16595666112193
ONEWEB-0250             
1 48968U 21060B   23296.08304593 -.00000073  00000+0 -22425-3 0  9997
2 48968  87.9059  61.4320 0001421  89.8764 270.2530 13.16594278113494
ONEWEB-0252             
1 48970U 21060D   23296.11050066  .00000039  00000+0  68329-4 0  9991
2 48970  87.9060  61.4345 0001836  94.8148 265.3193 13.16593737113565
ONEWEB-0253             
1 48971U 21060E   23295.87193989 -.00000416  00000+0 -11206-2 0  9997
2 48971  87.8986  61.5382 0001848  82.4091 277.7249 13.16598491112174
ONEWEB-0254             
1 48972U 21060F   23295.88040422  .00000130  00000+0  30649-3 0  9996
2 48972  87.9064  61.4699 0001591  87.0096 273.1217 13.16595387112170
ONEWEB-0255             
1 48973U 21060G   23295.91839702 -.00000019  00000+0 -82835-4 0  9991
2 48973  87.9062  61.4974 0001624  98.3856 261.7459 13.16594444112254
ONEWEB-0256             
1 48974U 21060H   23295.86770932  .00000020  00000+0  19326-4 0  9990
2 48974  87.9052  61.5108 0001787 100.2334 259.8998 13.16594672112213
ONEWEB-0257             
1 48975U 21060J   23296.05348750  .00000081  00000+0  17755-3 0  9992
2 48975  87.9062  61.4454 0001827  94.0555 266.0785 13.16596804113481
ONEWEB-0258             
1 48976U 21060K   23295.90361077  .00000000  00000+0 -34127-4 0  9998
2 48976  87.9062  61.5042 0001616  97.4391 262.6924 13.16594821112187
ONEWEB-0259             
1 48977U 21060L   23295.89728274  .00000737  00000+0  18948-2 0  9990
2 48977  87.9067  61.4904 0001639  79.9905 280.1411 13.16590868112217
ONEWEB-0260             
1 48978U 21060M   23295.89094186  .00000108  00000+0  25017-3 0  9997
2 48978  87.9063  61.5222 0002420  92.0152 268.1256 13.16596436112194
ONEWEB-0261             
1 48979U 21060N   23296.08515203 -.00000001  00000+0 -36169-4 0  9993
2 48979  87.9054  61.4755 0001733  76.8720 283.2604 13.16596059113571
ONEWEB-0262             
1 48980U 21060P   23296.06616645  .00000031  00000+0  46791-4 0  9998
2 48980  87.9062  61.4434 0001176  86.2120 273.9146 13.16591296113537
ONEWEB-0263             
1 48981U 21060Q   23295.86984603  .00000079  00000+0  17342-3 0  9999
2 48981  87.9056  61.4979 0001519  79.9281 280.2021 13.16595645112177
ONEWEB-0264             
1 48982U 21060R   23295.90679004  .00000008  00000+0 -12642-4 0  9993
2 48982  87.9067  61.4948 0001696  96.5697 263.5627 13.16593911112189
ONEWEB-0266             
1 48984U 21060T   23295.85294120 -.00000047  00000+0 -15583-3 0  9991
2 48984  87.9061  61.4910 0001552 101.3872 258.7433 13.16595044112163
ONEWEB-0267             
1 48985U 21060U   23295.86349071 -.00000378  00000+0 -10228-2 0  9996
2 48985  87.9057  61.4900 0001861  83.7004 276.4338 13.16593660112175
ONEWEB-0268             
1 48986U 21060V   23295.90785280 -.00000062  00000+0 -19655-3 0  9992
2 48986  87.9065  61.4846 0001706  98.1644 261.9680 13.16591415112447
ONEWEB-0269             
1 48987U 21060W   23295.88884063  .00000046  00000+0  87061-4 0  9996
2 48987  87.9057  61.5163 0001717 100.8764 259.2560 13.16595899112210
ONEWEB-0270             
1 48988U 21060X   23295.90571028 -.00000021  00000+0 -88181-4 0  9993
2 48988  87.9063  61.4980 0001416  71.7419 288.3866 13.16598777112257
ONEWEB-0271             
1 48989U 21060Y   23296.12104238  .00000090  00000+0  20207-3 0  9992
2 48989  87.9061  61.4305 0001639  84.6391 275.4926 13.16593124113577
ONEWEB-0272             
1 48990U 21060Z   23295.84027181 -.00000154  00000+0 -43752-3 0  9996
2 48990  87.9061  61.5104 0002688  93.0924 267.0514 13.16591932112190
ONEWEB-0273             
1 48991U 21060AA  23295.86138815  .00000005  00000+0 -21640-4 0  9993
2 48991  87.9060  61.4959 0001552  90.7858 269.3450 13.16596943112175
ONEWEB-0274             
1 48992U 21060AB  23296.11471274  .00000027  00000+0  37107-4 0  9990
2 48992  87.9061  61.4492 0002290  89.5079 270.6315 13.16592916113543
ONEWEB-0275             
1 48993U 21060AC  23295.87617585 -.00000008  00000+0 -55818-4 0  9990
2 48993  87.9053  61.4970 0001586  95.7564 264.3748 13.16591052112146
ONEWEB-0276             
1 48994U 21060AD  23295.90994467  .00000062  00000+0  12780-3 0  9990
2 48994  87.9059  61.4795 0001501  83.9344 276.1958 13.16596895112166
ONEWEB-0277             
1 48995U 21060AE  23295.92260905 -.00000085  00000+0 -25716-3 0  9996
2 48995  87.9058  61.5165 0001769  76.0993 284.0334 13.16596074112151
ONEWEB-0278             
1 48996U 21060AF  23295.83604664 -.00000102  00000+0 -30101-3 0  9995
2 48996  87.9061  61.4905 0001449 109.2739 250.8549 13.16597525112273
ONEWEB-0279             
1 48997U 21060AG  23295.92050975 -.00000028  00000+0 -10664-3 0  9995
2 48997  87.9060  61.4716 0001687  97.2079 262.9244 13.16595890112213
ONEWEB-0280             
1 48998U 21060AH  23295.85926726 -.00000316  00000+0 -86079-3 0  9997
2 48998  87.9059  61.4841 0001907  73.5020 286.6320 13.16593581112144
ONEWEB-0281             
1 48999U 21060AJ  23295.86561990  .00000094  00000+0  21269-3 0  9998
2 48999  87.9058  61.4865 0001924  99.8199 260.3149 13.16595332112219
ONEWEB-0282             
1 49000U 21060AK  23295.89516369 -.00000679  00000+0 -18109-2 0  9994
2 49000  87.9064  61.4969 0001679  84.4899 275.6423 13.16599416112197
ONEWEB-0283             
1 49001U 21060AL  23295.88460149  .00000030  00000+0  43873-4 0  9995
2 49001  87.9119  61.5076 0001811  84.9734 275.1603 13.16596725112207
ONEWEB-0284             
1 49002U 21060AM  23295.87827657  .00000020  00000+0  17494-4 0  9995
2 49002  87.9044  61.5137 0001413  91.1730 268.9563 13.16592923112185
ONEWEB-0285             
1 49075U 21075A   23295.92555346 -.00000269  00000+0 -78172-3 0  9996
2 49075  87.9060 183.1963 0001603  69.7363 290.3938 13.12443313108202
ONEWEB-0286             
1 49076U 21075B   23295.74345264  .00000211  00000+0  55017-3 0  9991
2 49076  87.9061 183.2420 0001965  88.7232 271.4122 13.12445819107533
ONEWEB-0287             
1 49077U 21075C   23295.75452268  .00000054  00000+0  10664-3 0  9990
2 49077  87.9251 198.3356 0001489  84.6362 275.4940 13.17650747106095
ONEWEB-0288             
1 49078U 21075D   23295.95733172 -.00000246  00000+0 -71818-3 0  9992
2 49078  87.9062 183.2048 0001619  79.6931 280.4380 13.12442967108182
ONEWEB-0289             
1 49079U 21075E   23295.78193689 -.00000309  00000+0 -82924-3 0  9997
2 49079  87.9260 198.3447 0001894  72.7414 287.3925 13.17648326106673
ONEWEB-0290             
1 49080U 21075F   23295.76506264 -.00000216  00000+0 -59008-3 0  9998
2 49080  87.9235 198.3264 0001226  72.6616 287.4650 13.17648255106088
ONEWEB-0291             
1 49081U 21075G   23295.82412998  .00000097  00000+0  21577-3 0  9991
2 49081  87.9256 198.3394 0001435  78.7328 281.3965 13.17649720106085
ONEWEB-0293             
1 49082U 21075H   23295.77350583  .00000100  00000+0  22326-3 0  9995
2 49082  87.9264 198.3442 0001537  74.9363 285.1939 13.17651388106108
ONEWEB-0294             
1 49083U 21075J   23295.96261692 -.00000273  00000+0 -79481-3 0  9996
2 49083  87.9059 183.2023 0000814  73.4203 286.7014 13.12445379107572
ONEWEB-0295             
1 49084U 21075K   23295.77561199  .00000031  00000+0  45528-4 0  9997
2 49084  87.9269 198.3152 0001484  90.5249 269.6053 13.17650377106067
ONEWEB-0296             
1 49085U 21075L   23295.94674571 -.00000268  00000+0 -77935-3 0  9996
2 49085  87.9056 183.2030 0001133 104.4933 255.6322 13.12445473107571
ONEWEB-0297             
1 49086U 21075M   23295.74766264 -.00000233  00000+0 -68215-3 0  9999
2 49086  87.9066 183.2298 0001951  78.8524 281.2824 13.12442665108154
ONEWEB-0298             
1 49087U 21075N   23295.77771916 -.00000121  00000+0 -34463-3 0  9997
2 49087  87.9270 198.3356 0001835  82.4527 277.6813 13.17647745106098
ONEWEB-0299             
1 49088U 21075P   23295.77984228  .00000090  00000+0  19885-3 0  9994
2 49088  87.9198 198.3322 0001708  85.1174 275.0152 13.17649284106074
ONEWEB-0300             
1 49089U 21075Q   23295.96792484 -.00000008  00000+0 -56857-4 0  9999
2 49089  87.9057 183.1991 0001922  78.4573 281.6771 13.12443363108201
ONEWEB-0301             
1 49090U 21075R   23295.95310389 -.00000290  00000+0 -84173-3 0  9994
2 49090  87.9063 183.2039 0002086  71.0805 289.0549 13.12442286107569
ONEWEB-0302             
1 49091U 21075S   23295.94144635 -.00000261  00000+0 -75960-3 0  9995
2 49091  87.9061 183.2033 0001490  80.1772 279.9524 13.12443578107548
ONEWEB-0304             
1 49092U 21075T   23295.75663602 -.00000053  00000+0 -17057-3 0  9997
2 49092  87.9254 198.3398 0001764  80.8459 279.2872 13.17649202106047
ONEWEB-0305             
1 49093U 21075U   23296.20170532  .00000142  00000+0  33325-3 0  9997
2 49093  87.9186 198.2406 0001630  91.7713 268.3605 13.17650104107101
ONEWEB-0308             
1 49094U 21075V   23295.93615132 -.00000105  00000+0 -32745-3 0  9993
2 49094  87.9061 183.2068 0001806  74.2125 285.9203 13.12440286107551
ONEWEB-0309             
1 49095U 21075W   23295.75242173 -.00000024  00000+0 -95865-4 0  9998
2 49095  87.9184 198.3355 0001117  69.4090 290.7161 13.17649338106040
ONEWEB-0310             
1 49096U 21075X   23295.94779161 -.00000254  00000+0 -74087-3 0  9999
2 49096  87.9064 183.1892 0001531  69.9318 290.1976 13.12442461108182
ONEWEB-0311             
1 49097U 21075Y   23295.75873682 -.00000048  00000+0 -15596-3 0  9993
2 49097  87.9188 198.3374 0001857  90.2929 269.8415 13.17647241106096
ONEWEB-0312             
1 49098U 21075Z   23295.77140437  .00000061  00000+0  12470-3 0  9992
2 49098  87.9267 198.3489 0001386  88.3575 271.7716 13.17650423106074
ONEWEB-0313             
1 49099U 21075AA  23295.75029904 -.00000178  00000+0 -49153-3 0  9995
2 49099  87.9260 198.3666 0001536  85.0413 275.0894 13.17650103106065
ONEWEB-0314             
1 49100U 21075AB  23295.97177939 -.00000041  00000+0 -13914-3 0  9999
2 49100  87.9179 198.2879 0001348  91.9854 268.1432 13.17650774106063
ONEWEB-0315             
1 49101U 21075AC  23295.76673366 -.00000263  00000+0 -76678-3 0  9994
2 49101  87.9056 183.2334 0001947  76.6678 283.4668 13.12441216108143
ONEWEB-0316             
1 49102U 21075AD  23295.89892383  .00000098  00000+0  21597-3 0  9995
2 49102  87.9193 168.0844 0001846  87.0322 273.1021 13.18688322109599
ONEWEB-0317             
1 49103U 21075AE  23295.76251161  .00000421  00000+0  11348-2 0  9997
2 49103  87.9059 183.2408 0001963  89.7150 270.4203 13.12444687108166
ONEWEB-0318             
1 49104U 21075AF  23296.20032792 -.00000543  00000+0 -14096-2 0  9995
2 49104  87.9196 168.0166 0002295  80.6821 279.4571 13.18688544110590
ONEWEB-0319             
1 49105U 21075AG  23295.76085427 -.00000043  00000+0 -14488-3 0  9990
2 49105  87.9282 198.3464 0002053  95.3618 264.7748 13.17650958106071
ONEWEB-0323             
1 49106U 21075AH  23295.75297631  .00000354  00000+0  94782-3 0  9990
2 49106  87.9063 183.2309 0001817  82.2116 277.9219 13.12444443107520
ONEWEB-0329             
1 49107U 21075AJ  23296.14685627  .00000223  00000+0  53996-3 0  9998
2 49107  87.9251 198.2699 0001469  77.6432 282.4864 13.17653266107099
ONEWEB-0330             
1 49108U 21075AK  23295.76928167  .00000065  00000+0  13445-3 0  9994
2 49108  87.9256 198.3572 0001449  79.3574 280.7720 13.17651273106097
ONEWEB-0292             
1 49186U 21083A   23295.87036080 -.00000249  00000+0 -71668-3 0  9992
2 49186  87.9017 152.9295 0001729  80.8786 279.2539 13.13469312103814
ONEWEB-0303             
1 49187U 21083B   23295.89260504  .00000042  00000+0  73082-4 0  9997
2 49187  87.9195 168.0804 0001796  86.2236 273.9102 13.18686245102367
ONEWEB-0306             
1 49188U 21083C   23296.18768029 -.00005263  00000+0 -13386-1 0  9996
2 49188  87.9190 168.0080 0001823  74.0041 286.1292 13.18712352103725
ONEWEB-0307             
1 49189U 21083D   23295.86612952 -.00000170  00000+0 -49974-3 0  9990
2 49189  87.9017 152.9279 0001464  78.7190 281.4103 13.13469111103819
ONEWEB-0320             
1 49190U 21083E   23295.89049389 -.00000469  00000+0 -12235-2 0  9993
2 49190  87.9192 168.0913 0001610  76.8727 283.2584 13.18690701102364
ONEWEB-0321             
1 49191U 21083F   23295.87815710  .00000058  00000+0  11182-3 0  9994
2 49191  87.9138 107.2186 0001763  79.3673 280.7659 13.20771272109019
ONEWEB-0322             
1 49192U 21083G   23295.86190416 -.00000263  00000+0 -75466-3 0  9998
2 49192  87.9016 152.9184 0001363  57.5798 302.5463 13.13468305103801
ONEWEB-0324             
1 49193U 21083H   23295.95161945  .00000088  00000+0  19027-3 0  9998
2 49193  87.9192 168.0585 0001732  91.7375 268.3956 13.18686386102396
ONEWEB-0325             
1 49194U 21083J   23295.87997799  .00000490  00000+0  12111-2 0  9997
2 49194  87.9379 168.0535 0001798  74.6222 285.5108 13.18686940102398
ONEWEB-0326             
1 49195U 21083K   23295.89470755  .00000109  00000+0  24343-3 0  9996
2 49195  87.9196 168.0603 0001840  98.0114 262.1227 13.18685544102381
ONEWEB-0327             
1 49196U 21083L   23295.71664253  .00000096  00000+0  21079-3 0  9994
2 49196  87.9256 168.1042 0002110  92.1666 267.9708 13.18684511102385
ONEWEB-0328             
1 49197U 21083M   23296.15708036  .00000009  00000+0 -11583-4 0  9997
2 49197  87.9015 152.8678 0001446  84.9774 275.1520 13.13469788105113
ONEWEB-0331             
1 49198U 21083N   23295.88838830  .00004002  00000+0  10116-1 0  9997
2 49198  87.9192 168.0773 0001426  84.2813 275.8481 13.18664666102397
ONEWEB-0333             
1 49199U 21083P   23295.84706444 -.00000012  00000+0 -68203-4 0  9991
2 49199  87.9015 152.9317 0001726  71.5007 288.6309 13.13473360103795
ONEWEB-0334             
1 49200U 21083Q   23295.93919894  .00000866  00000+0  20971-2 0  9992
2 49200  87.9143 107.2531 0002238  68.0426 292.0945 13.20767558108980
ONEWEB-0335             
1 49201U 21083R   23295.69050437  .00000125  00000+0  30754-3 0  9994
2 49201  87.9016 152.9509 0001546  75.0811 285.0489 13.13470975103783
ONEWEB-0336             
1 49202U 21083S   23296.11581595  .00003604  00000+0  98317-2 0  9990
2 49202  87.9014 152.8652 0001718  83.3664 276.7661 13.13454876105131
ONEWEB-0337             
1 49203U 21083T   23295.89576510  .00000380  00000+0  10056-2 0  9998
2 49203  87.9010 152.9075 0001510  82.8695 277.2606 13.13469706103801
ONEWEB-0338             
1 49204U 21083U   23296.17276374  .00000106  00000+0  22867-3 0  9996
2 49204  87.9151 107.1761 0001481  70.0877 290.0416 13.20769378110334
ONEWEB-0339             
1 49205U 21083V   23295.90951068  .00000434  00000+0  11533-2 0  9998
2 49205  87.9015 152.9087 0001435  79.0767 281.0523 13.13471074103784
ONEWEB-0340             
1 49206U 21083W   23295.94950857  .00000130  00000+0  29785-3 0  9990
2 49206  87.9191 168.0582 0001640  82.6938 277.4380 13.18684470102360
ONEWEB-0341             
1 49207U 21083X   23295.73031258 -.00000032  00000+0 -11473-3 0  9991
2 49207  87.9275 168.0791 0000876  76.1200 284.0030 13.18686146102353
ONEWEB-0342             
1 49208U 21083Y   23295.87604642  .00000109  00000+0  23631-3 0  9992
2 49208  87.9140 107.2654 0001640  79.4077 280.7241 13.20769956108960
ONEWEB-0343             
1 49209U 21083Z   23295.87784382 -.00000018  00000+0 -77884-4 0  9994
2 49209  87.9259 168.0778 0000736  50.1546 309.9651 13.18685825102429
ONEWEB-0344             
1 49210U 21083AA  23296.10312101  .00001419  00000+0  38481-2 0  9991
2 49210  87.9004 152.8756 0002547  77.5248 282.6166 13.13488509105112
ONEWEB-0345             
1 49211U 21083AB  23296.12110409  .00000204  00000+0  52332-3 0  9994
2 49211  87.9013 152.8587 0001431 101.7657 258.3633 13.13471392105122
ONEWEB-0346             
1 49212U 21083AC  23295.88628093 -.00000089  00000+0 -25869-3 0  9998
2 49212  87.9259 168.0675 0001819  93.4177 266.7163 13.18686766102368
ONEWEB-0348             
1 49213U 21083AD  23296.17066234 -.00000118  00000+0 -32182-3 0  9994
2 49213  87.9139 107.1658 0001673 115.6312 244.4994 13.20771460110337
ONEWEB-0350             
1 49214U 21083AE  23295.90208727  .00000414  00000+0  10998-2 0  9997
2 49214  87.8954 152.8972 0001397  94.2117 265.9172 13.13472603103827
ONEWEB-0351             
1 49215U 21083AF  23295.93707798 -.00000046  00000+0 -14614-3 0  9996
2 49215  87.9145 107.2133 0001476  73.4381 286.6914 13.20773418108964
ONEWEB-0352             
1 49216U 21083AG  23295.88306136  .00000195  00000+0  49787-3 0  9994
2 49216  87.9012 152.9182 0001728  65.9907 294.1402 13.13470237103910
ONEWEB-0354             
1 49217U 21083AH  23296.18961648  .00014037  00000+0  34474-1 0  9999
2 49217  87.9140 107.1446 0001107 106.7534 253.3720 13.20701724110340
ONEWEB-0355             
1 49218U 21083AJ  23295.83862738  .00001183  00000+0  32056-2 0  9994
2 49218  87.9017 152.9274 0001799  84.2402 275.8932 13.13464962103788
ONEWEB-0357             
1 49219U 21083AK  23295.88236676  .00000075  00000+0  15215-3 0  9994
2 49219  87.9142 107.2261 0001525  92.0937 268.0371 13.20770349108990
ONEWEB-0332             
1 49279U 21090A   23295.92615065 -.00000125  00000+0 -37279-3 0  9998
2 49279  87.8937 122.4773 0001808  75.9388 284.1942 13.14501580100377
ONEWEB-0347             
1 49280U 21090B   23296.17698862 -.00000015  00000+0 -69884-4 0  9990
2 49280  87.9204 107.1271 0002041  75.6739 284.4621 13.20776651103265
ONEWEB-0349             
1 49281U 21090C   23295.98126140  .00000075  00000+0  15347-3 0  9992
2 49281  87.9150 107.1957 0001508  99.7335 260.3968 13.20770260103316
ONEWEB-0353             
1 49282U 21090D   23295.91769775 -.00000129  00000+0 -38189-3 0  9994
2 49282  87.8940 122.4591 0001884  77.9772 282.1569 13.14501388100375
ONEWEB-0356             
1 49283U 21090E   23295.90341114  .00000006  00000+0 -17037-4 0  9990
2 49283  87.9141 107.2146 0002563 103.5519 256.5900 13.20769260102016
ONEWEB-0358             
1 49284U 21090F   23296.16013642  .00000016  00000+0  72330-5 0  9990
2 49284  87.9151 107.1405 0001685 103.1030 257.0291 13.20769373104064
ONEWEB-0359             
1 49285U 21090G   23295.93077099 -.00000014  00000+0 -66557-4 0  9994
2 49285  87.9138 107.2176 0001267 102.3860 257.7415 13.20771123102726
ONEWEB-0360             
1 49286U 21090H   23295.99600060  .00001516  00000+0  36958-2 0  9997
2 49286  87.9141 107.2036 0001745  78.8917 281.2412 13.20762762103333
ONEWEB-0361             
1 49287U 21090J   23295.97705524 -.00000274  00000+0 -70659-3 0  9996
2 49287  87.9143 107.2032 0001764  91.7148 268.4187 13.20771458103320
ONEWEB-0362             
1 49288U 21090K   23295.84514218  .00000265  00000+0  62848-3 0  9990
2 49288  87.9188 137.7262 0001263  63.2964 296.8298 13.19723716 99196
ONEWEB-0363             
1 49289U 21090L   23295.91813614  .00000028  00000+0  37807-4 0  9996
2 49289  87.9139 107.2117 0002013  98.9730 261.1631 13.20769823102499
ONEWEB-0364             
1 49290U 21090M   23296.18328348  .00000066  00000+0  12960-3 0  9997
2 49290  87.9150 107.1735 0001804  84.0078 276.1261 13.20773906104480
ONEWEB-0365             
1 49291U 21090N   23296.08207384 -.00000001  00000+0 -34584-4 0  9991
2 49291  87.9189 137.6683 0001602  78.5569 281.5743 13.19724636100027
ONEWEB-0366             
1 49292U 21090P   23295.76122642 -.00000452  00000+0 -12541-2 0  9996
2 49292  87.8940 122.4963 0002120 104.8517 255.2848 13.14505875100332
ONEWEB-0367             
1 49293U 21090Q   23295.84027835  .00001378  00000+0  33574-2 0  9999
2 49293  87.9137 107.2210 0002349  95.2389 264.9012 13.20765427102005
ONEWEB-0368             
1 49294U 21090R   23296.19170231 -.00000250  00000+0 -64736-3 0  9993
2 49294  87.9148 107.1718 0002592  84.3372 275.8057 13.20770775104500
ONEWEB-0369             
1 49295U 21090S   23295.92570328 -.00000038  00000+0 -12803-3 0  9997
2 49295  87.9185 137.6929 0001809  78.9916 281.1421 13.19724053 98702
ONEWEB-0370             
1 49296U 21090T   23296.00021611  .00000084  00000+0  17477-3 0  9995
2 49296  87.9140 107.1936 0001678  91.8882 268.2443 13.20772178103366
ONEWEB-0371             
1 49297U 21090U   23295.93359203  .00000033  00000+0  49903-4 0  9992
2 49297  87.9187 137.6806 0001665  79.4022 280.7298 13.19728794 98741
ONEWEB-0372             
1 49298U 21090V   23295.91392666  .00000033  00000+0  49759-4 0  9990
2 49298  87.9149 107.2107 0001541  75.3506 284.7798 13.20774072102020
ONEWEB-0373             
1 49299U 21090W   23295.94128295  .00000036  00000+0  57491-4 0  9994
2 49299  87.9215 107.1850 0002075  89.6721 270.4650 13.20769709103211
ONEWEB-0374             
1 49300U 21090X   23296.05301228  .00001269  00000+0  33878-2 0  9999
2 49300  87.8934 122.4294 0002943  55.4106 304.7301 13.14503022101663
ONEWEB-0375             
1 49301U 21090Y   23295.92865088  .00000004  00000+0 -23026-4 0  9997
2 49301  87.9136 107.2095 0002163 107.7562 252.3808 13.20773269102716
ONEWEB-0376             
1 49302U 21090Z   23296.08364950 -.00001187  00000+0 -29972-2 0  9996
2 49302  87.9188 137.6684 0002181  67.8857 292.2507 13.19730311100040
ONEWEB-0377             
1 49303U 21090AA  23295.92654953  .00000067  00000+0  13217-3 0  9994
2 49303  87.9137 107.2061 0001430  89.6672 270.4626 13.20769725102708
ONEWEB-0378             
1 49304U 21090AB  23295.88971626  .00000053  00000+0  98678-4 0  9999
2 49304  87.9151 107.2127 0002009  90.9789 269.1575 13.20774397101961
ONEWEB-0379             
1 49305U 21090AC  23295.89443456  .00000618  00000+0  16326-2 0  9991
2 49305  87.8938 122.4614 0002150  83.5558 276.5816 13.14497649100350
ONEWEB-0380             
1 49306U 21090AD  23295.92886755 -.00000110  00000+0 -30642-3 0  9996
2 49306  87.9187 137.6947 0001680  89.2070 270.9256 13.19725102 98719
ONEWEB-0381             
1 49307U 21090AE  23295.91183721  .00000117  00000+0  25559-3 0  9995
2 49307  87.9199 107.1720 0001555  92.9852 267.1460 13.20773493102016
ONEWEB-0382             
1 49308U 21090AF  23296.20222218  .00000047  00000+0  83873-4 0  9990
2 49308  87.9141 107.1496 0002024  97.5707 262.5656 13.20768809103355
ONEWEB-0383             
1 49309U 21090AG  23295.81196576  .00000265  00000+0  67914-3 0  9993
2 49309  87.8946 122.4628 0001946  85.0536 275.0816 13.14505723100372
ONEWEB-0384             
1 49310U 21090AH  23296.19801285 -.00000770  00000+0 -19264-2 0  9994
2 49310  87.9153 107.1515 0002263 100.7569 259.3819 13.20774185103361
ONEWEB-0385             
1 49311U 21090AJ  23295.89077930  .00000179  00000+0  40930-3 0  9999
2 49311  87.9151 107.2147 0001896  99.0097 261.1251 13.20766785101983
ONEWEB-0386             
1 49312U 21090AK  23295.98337764  .00004051  00000+0  99299-2 0  9998
2 49312  87.9142 107.2068 0001983  97.1530 262.9829 13.20753109103320
ONEWEB-0387             
1 49313U 21090AL  23295.89288791  .00000150  00000+0  33687-3 0  9990
2 49313  87.9151 107.2717 0001593 104.1243 256.0068 13.20778701102007
ONEWEB-0388             
1 49314U 21090AM  23295.92411016  .00000083  00000+0  17577-3 0  9998
2 49314  87.9186 137.6979 0001807  81.1187 279.0150 13.19728428 98709
ONEWEB-0389             
1 50469U 21132A   23295.78405152  .00000050  00000+0  94949-4 0  9999
2 50469  87.9262 198.3207 0001655  91.3168 268.8153 13.17650534 90552
ONEWEB-0390             
1 50470U 21132B   23295.78616084  .00000252  00000+0  61685-3 0  9993
2 50470  87.9266 198.3273 0001561  69.5976 290.5323 13.17648637 90553
ONEWEB-0391             
1 50471U 21132C   23296.16795112 -.00005367  00000+0 -13859-1 0  9999
2 50471  87.9263 198.2225 0001814  84.5922 275.5416 13.17676314 91893
ONEWEB-0392             
1 50472U 21132D   23295.96967274  .00000490  00000+0  12282-2 0  9997
2 50472  87.9256 198.2963 0001719  91.8034 268.3294 13.17645215 90613
ONEWEB-0393             
1 50473U 21132E   23295.75134542  .00000272  00000+0  66717-3 0  9990
2 50473  87.9271 198.3078 0001600  75.5989 284.5321 13.17654314 90572
ONEWEB-0394             
1 50474U 21132F   23296.14131656 -.00000086  00000+0 -25203-3 0  9998
2 50474  87.9284 168.0043 0002105  78.4982 281.6386 13.18685144 95287
ONEWEB-0395             
1 50475U 21132G   23295.80878731 -.00000403  00000+0 -11742-2 0  9998
2 50475  87.9002 213.4787 0001694  84.3995 275.7326 13.11418033 88798
ONEWEB-0396             
1 50476U 21132H   23295.90737542  .00000254  00000+0  61147-3 0  9991
2 50476  87.9261 168.0441 0001846  82.9414 277.1928 13.18683010 94020
ONEWEB-0397             
1 50477U 21132J   23295.92210936  .00006588  00000+0  16673-1 0  9995
2 50477  87.9260 168.0426 0002153  95.1661 264.9717 13.18653867 94000
ONEWEB-0398             
1 50478U 21132K   23295.77635545  .00000605  00000+0  16703-2 0  9995
2 50478  87.8993 213.4775 0001270  81.6470 278.4802 13.11415459 88680
ONEWEB-0399             
1 50479U 21132L   23295.83803200  .00000585  00000+0  16138-2 0  9997
2 50479  87.8998 213.4762 0002302  76.8233 283.3152 13.11420549 89963
ONEWEB-0400             
1 50480U 21132M   23296.12866457 -.00001429  00000+0 -36575-2 0  9992
2 50480  87.9255 168.0099 0002405  66.5260 293.6125 13.18691034 95305
ONEWEB-0401             
1 50481U 21132N   23295.71556020  .00000076  00000+0  15924-3 0  9990
2 50481  87.9260 168.0912 0002100  76.9108 283.2259 13.18684580 93976
ONEWEB-0402             
1 50482U 21132P   23296.13712551  .00009243  00000+0  23405-1 0  9997
2 50482  87.9186 168.0078 0002014  71.8442 288.2909 13.18636993 95330
ONEWEB-0403             
1 50483U 21132Q   23295.93265482  .00000607  00000+0  15070-2 0  9996
2 50483  87.9270 168.0484 0002267  73.4407 286.6974 13.18684241 93987
ONEWEB-0404             
1 50484U 21132R   23295.82016942  .00000790  00000+0  21920-2 0  9994
2 50484  87.8999 213.4362 0002047  93.2507 266.8855 13.11416245 88771
ONEWEB-0405             
1 50485U 21132S   23295.88601128  .00000188  00000+0  44056-3 0  9994
2 50485  87.9263 168.0526 0002222  76.4148 283.7232 13.19204213 94371
ONEWEB-0406             
1 50486U 21132T   23295.93686436  .00000071  00000+0  14706-3 0  9996
2 50486  87.9259 168.0472 0001825  93.4385 266.6956 13.18685095 94011
ONEWEB-0407             
1 50487U 21132U   23295.93054090  .00001774  00000+0  44668-2 0  9992
2 50487  87.9262 168.0564 0001355  90.0538 270.0749 13.18678071 93956
ONEWEB-0409             
1 50488U 21132V   23296.20000858 -.00000383  00000+0 -11167-2 0  9992
2 50488  87.9000 213.3769 0001689  96.8379 263.2941 13.11418582 89994
ONEWEB-0412             
1 50489U 21132W   23296.14764014 -.00000697  00000+0 -17998-2 0  9993
2 50489  87.9205 168.0084 0002570  66.6439 293.4963 13.18678916 95352
ONEWEB-0413             
1 50490U 21132X   23295.92422425 -.00003489  00000+0 -88839-2 0  9991
2 50490  87.9264 168.0596 0001862  55.0906 305.0401 13.18705888 93984
ONEWEB-0414             
1 50491U 21132Y   23295.91052696  .00000209  00000+0  49732-3 0  9995
2 50491  87.9259 168.0508 0001742  80.0330 280.0999 13.18683903 94010
ONEWEB-0417             
1 50492U 21132Z   23295.91789913  .00001702  00000+0  42839-2 0  9994
2 50492  87.9211 168.0678 0002171  72.4953 287.6416 13.18676211 93997
ONEWEB-0418             
1 50493U 21132AA  23295.93160033  .00000034  00000+0  54185-4 0  9999
2 50493  87.9263 168.0463 0001696  96.7236 263.4089 13.18686258 94059
ONEWEB-0419             
1 50494U 21132AB  23295.94530560  .00000092  00000+0  20108-3 0  9998
2 50494  87.9258 168.0680 0001352  86.0067 274.1220 13.18683001 93977
ONEWEB-0420             
1 50495U 21132AC  23296.13921519  .00010724  00000+0  27158-1 0  9992
2 50495  87.9259 168.0378 0001799  78.2386 281.8948 13.18630980 95292
ONEWEB-0421             
1 50496U 21132AD  23295.90524996  .00000444  00000+0  10933-2 0  9997
2 50496  87.9205 168.0591 0002211  79.2948 280.8433 13.18685559 94004
ONEWEB-0424             
1 50497U 21132AE  23295.94107468 -.00001834  00000+0 -46842-2 0  9997
2 50497  87.9219 168.0420 0001458  81.4890 278.6407 13.18695934 94031
ONEWEB-0426             
1 50498U 21132AF  23295.90314405  .00000163  00000+0  38174-3 0  9997
2 50498  87.9260 168.0759 0002062  96.5115 263.6252 13.18686277 93976
ONEWEB-0427             
1 50499U 21132AG  23295.93897141  .00000154  00000+0  35831-3 0  9991
2 50499  87.9186 168.0467 0001645  87.9254 272.2066 13.18685229 94004
ONEWEB-0429             
1 50500U 21132AH  23295.92634040 -.00000007  00000+0 -51538-4 0  9992
2 50500  87.9245 168.0513 0001679  72.4750 287.6565 13.18683565 93972
ONEWEB-0430             
1 50501U 21132AJ  23295.91580060 -.00000274  00000+0 -72868-3 0  9998
2 50501  87.9265 168.0520 0001787  62.2778 297.8536 13.18686212 94019
ONEWEB-0432             
1 50502U 21132AK  23296.17502633 -.00003835  00000+0 -97609-2 0  9993
2 50502  87.9238 167.9966 0001941  69.3738 290.7602 13.18711854 95308
ONEWEB-0440             
1 50503U 21132AL  23295.93476077 -.00001592  00000+0 -40704-2 0  9991
2 50503  87.9188 168.0592 0002647  70.8595 289.2823 13.18694632 93964
ONEWEB-0450             
1 50504U 21132AM  23295.92843635  .00000094  00000+0  20586-3 0  9990
2 50504  87.9234 168.0760 0001767  63.9581 296.1733 13.18687289 93994
ONEWEB-0410             
1 51622U 22012A   23295.80303114  .00000115  00000+0  26312-3 0  9997
2 51622  87.9198 198.3371 0002416 104.9078 255.2322 13.17650661 86173
ONEWEB-0411             
1 51623U 22012B   23295.87645123  .00000696  00000+0  19578-2 0  9993
2 51623  87.8910 228.5373 0001615  74.3721 285.7585 13.10375471 82472
ONEWEB-0415             
1 51624U 22012C   23295.87320651  .00000491  00000+0  13699-2 0  9991
2 51624  87.8913 228.5655 0001569  74.6588 285.4713 13.10375448 82475
ONEWEB-0416             
1 51625U 22012D   23296.19000364  .00000603  00000+0  16915-2 0  9993
2 51625  87.8907 228.4893 0001937  72.4121 287.7218 13.10366137 83842
ONEWEB-0422             
1 51626U 22012E   23295.96334771  .00000094  00000+0  20998-3 0  9991
2 51626  87.9190 198.3000 0002290  55.0780 305.0566 13.17646990 86303
ONEWEB-0423             
1 51627U 22012F   23295.95702725  .00000007  00000+0 -13893-4 0  9991
2 51627  87.9256 198.2723 0001906  74.7214 285.4128 13.17650811 86190
ONEWEB-0425             
1 51628U 22012G   23295.81796609  .00000426  00000+0  11852-2 0  9996
2 51628  87.8906 228.5540 0002359  79.2044 280.9349 13.10371831 82501