JILIN-1 GAOFEN 2B       
1 44836U 19086A   23296.14871242  .00008789  00000+0  47822-3 0  9997
2 44836  97.6122 356.1729 0010161 107.6760 252.5582 15.14652649213720
TIANYI-16 (TY-16)       
1 44840U 19087C   23296.12886419  .00048675  00000+0  82860-3 0  9992
2 44840  97.5138 110.4103 0006267 318.2276  41.8497 15.51237174216047
TIANQI-4A               
1 44842U 19087E   23296.15671702  .00048298  00000+0  86314-3 0  9993
2 44842  97.5057 108.8631 0006699 313.3993  46.6700 15.49858000216074
TIANQI-4B               
1 44843U 19087F   23296.17965044  .00028824  00000+0  65705-3 0  9995
2 44843  97.5240 107.6884 0009082 332.6863  27.3906 15.42841677215893
TYVAK-0092              
1 44852U 19089A   23295.31255504  .00022228  00000+0  10802-2 0  9994
2 44852  36.9590  25.1452 0004891   0.8609 359.2146 15.17682882212251
TYVAK-0129              
1 44853U 19089B   23295.65129678  .00022945  00000+0  10954-2 0  9998
2 44853  36.9616  23.2264 0005345 357.9287   2.1438 15.18289743212410
DUCHIFAT-3              
1 44854U 19089C   23295.65101019  .00010950  00000+0  68383-3 0  9991
2 44854  36.9614  48.1463 0007611 289.5033  70.4890 15.08933290212145
ANGELS                  
1 44876U 19092D   23295.75129686  .00005904  00000+0  25375-3 0  9997
2 44876  97.4776 119.7027 0012179  80.3024 279.9588 15.22983899213027
OPS-SAT                 
1 44878U 19092F   23295.52455143  .00029576  00000+0  68615-3 0  9999
2 44878  97.4681 126.5455 0008141  42.1476 318.0395 15.42316219213362
TIANQIN 1 (CAS-6)       
1 44879U 19093A   23296.17754090  .00004006  00000+0  47511-3 0  9999
2 44879  97.8577  13.8751 0014179  20.5587 339.6196 14.85002082207849
ETRSS-1                 
1 44880U 19093B   23296.17382723  .00004183  00000+0  49460-3 0  9992
2 44880  97.8582  13.9418 0014516  22.0773 338.1064 14.85095421207833
TIANYAN 01              
1 44881U 19093C   23296.18268114  .00001585  00000+0  20174-3 0  9995
2 44881  97.8524  12.4194 0015169  25.7073 334.4892 14.82898445207767
TIANYAN 02              
1 44882U 19093D   23296.19358365  .00005468  00000+0  61921-3 0  9994
2 44882  97.8647  15.6307 0014991  19.8595 340.3201 14.86740600207897
CBERS 4A                
1 44883U 19093E   23296.09617640  .00002269  00000+0  29531-3 0  9995
2 44883  97.8545  12.1574 0002319  82.5613 277.5863 14.81593020207737
WEILAI 1R               
1 44884U 19093F   23296.21965051  .00004576  00000+0  52431-3 0  9990
2 44884  97.8573  14.9995 0012979  24.1902 335.9920 14.86365137207927
YUHENG                  
1 44885U 19093G   23296.18887303  .00005416  00000+0  60867-3 0  9996
2 44885  97.8605  15.9769 0013718  25.2379 334.9504 14.87067636207961
SHUNTIAN                
1 44886U 19093H   23296.12586945  .00003983  00000+0  46356-3 0  9993
2 44886  97.8648  16.3761 0014928  31.6169 328.5939 14.85770567207950
2019-093L               
1 44889U 19093L   23296.19315137  .00003514  00000+0  42387-3 0  9996
2 44889  97.8481  11.5921 0014880  15.4880 344.6787 14.84364865207667
GONETS-M 14             
1 44905U 19096A   23295.90588584  .00000026  00000+0  11869-3 0  9990
2 44905  82.5224 324.9264 0015247 105.9398 254.3363 12.42902606173392
GONETS-M 15             
1 44906U 19096B   23296.17453733  .00000030  00000+0  14168-3 0  9998
2 44906  82.5246 325.0594 0016900 126.6437 233.6199 12.42901467173421
GONETS-M 16             
1 44907U 19096C   23295.87961945  .00000033  00000+0  16384-3 0  9999
2 44907  82.5190 324.6301 0012059 164.4326 195.7127 12.42897058173349
RS-44 & BREEZE-KM R/B   
1 44909U 19096E   23295.89272358  .00000036  00000+0  10796-3 0  9990
2 44909  82.5180 263.0754 0216248 248.3101 109.4851 12.79723598178491
JILIN-1 KUANFU 01       
1 45016U 20003A   23296.15316481  .00006937  00000+0  38786-3 0  9991
2 45016  97.6102   5.0014 0001759  50.3622 309.7764 15.13801160209073
XINGYUN-2 01            
1 45602U 20028A   23296.15768898  .00003505  00000+0  25780-3 0  9990
2 45602  97.4535 300.1595 0010057 285.7827  74.2290 15.03987990188942
XINGYUN-2 02            
1 45603U 20028B   23296.14372300  .00002268  00000+0  16824-3 0  9993
2 45603  97.5253 307.7497 0012671 353.7861   6.3206 15.04000769188947
HAIYANG-1D              
1 45721U 20036A   23296.15192960  .00000395  00000+0  15691-3 0  9996
2 45721  98.5629 233.5235 0003581  88.1093 272.0502 14.34056243176227
M2 PATHFINDER           
1 45727U 20037E   23295.94662994  .00004576  00000+0  42312-3 0  9993
2 45727  97.7640 109.2217 0011494 194.2792 165.8106 14.95009444180326
GAOFEN DUOMO (GFDM)     
1 45856U 20042A   23296.20152773  .00001656  00000+0  24298-3 0  9990
2 45856  97.8969   7.9548 0012071 340.6698  19.4053 14.76816475178140
BY70-2                  
1 45857U 20042B   23296.19788476  .00030679  00000+0  26469-2 0  9992
2 45857  97.9183  17.0226 0007901 301.6862  58.3588 14.97185743178641
ZINYUAN-3               
1 45939U 20051A   23296.20636120  .00008162  00000+0  36616-3 0  9991
2 45939  97.3901  12.3101 0013333  98.7797 261.4950 15.21377186180185
TIANQI-10               
1 45941U 20051C   23296.18487647  .00041691  00000+0  77370-3 0  9995
2 45941  97.4125  29.5876 0007464  36.6312 323.5447 15.48805672181220
Q-SAT                   
1 46026U 20054B   23296.17092988  .00041137  00000+0  79658-3 0  9998
2 46026  97.3600  19.8298 0010177  71.0855 289.1497 15.47556004179288
GLOBAL-7                
1 46088U 20055BP  23296.08467887  .07286078  12362-4  72266-3 0  9990
2 46088  52.9678 340.0497 0004437 346.2998  13.7925 16.37377288187466
GLOBAL-8                
1 46089U 20055BQ  23295.91629548  .00068160  00000+0  86550-3 0  9991
2 46089  52.9899  10.3441 0005099 285.4832  74.5615 15.58794245187036
TIANTUO 5               
1 46234U 20058C   23296.18677279  .00009041  00000+0  30026-3 0  9990
2 46234  97.3385 351.0958 0015049 143.9348 216.2912 15.31330641176282
TYVAK-0172              
1 46267U 20059C   23295.50188201  .00010550  00000+0  89979-3 0  9992
2 46267  97.8510 131.0133 0005023 343.0039  17.1014 14.97902858170949
ION-MK01                
1 46274U 20061C   23295.74706365  .00008808  00000+0  36521-3 0  9994
2 46274  97.3351 359.3557 0004834 190.3533 169.7606 15.24102012173591
UPMSAT-2                
1 46276U 20061E   23295.93489088  .00013938  00000+0  54064-3 0  9999
2 46276  97.3325   0.9685 0000727 153.0185 207.1092 15.26226747173759
NEMO-HD                 
1 46277U 20061F   23296.14735040  .00007332  00000+0  32036-3 0  9992
2 46277  97.3325 359.6210 0000532 156.4992 203.6269 15.22389998173688
SIMBA                   
1 46279U 20061H   23296.14280117  .00035062  00000+0  12084-2 0  9995
2 46279  97.3879   2.1837 0002247 358.4460   1.6773 15.29925949173267
TRISAT                  
1 46280U 20061J   23296.14343107  .00030334  00000+0  11070-2 0  9997
2 46280  97.3784   1.2665 0002390 358.3149   1.8082 15.28083568173249
PICASSO-BEL             
1 46281U 20061K   23296.13748360  .00060783  00000+0  16152-2 0  9994
2 46281  97.3853   4.7983 0002068 326.4169  33.6944 15.38041243173467
DIDO 3                  
1 46284U 20061N   23296.13733775  .00019017  00000+0  81604-3 0  9990
2 46284  97.3849 359.8357 0002543  16.2879 343.8439 15.22758956173097
FLOCK 4V-14             
1 46286U 20061Q   23295.76281913  .00014281  00000+0  48525-3 0  9995
2 46286  97.3889   3.9337 0002146 345.8366  14.2814 15.30576872173358
AMICALSAT               
1 46287U 20061R   23296.16308049  .00018110  00000+0  74598-3 0  9995
2 46287  97.3856   0.4835 0002260  35.5104 324.6284 15.24153873173172
3CAT-5A                 
1 46292U 20061W   23295.72252696  .00007232  00000+0  36750-3 0  9999
2 46292  97.3848 357.5053 0002459 355.8095   4.3118 15.17162429172923
3CAT-5B                 
1 46293U 20061X   23295.93723013  .00008289  00000+0  41867-3 0  9997
2 46293  97.3852 357.9482 0002303 350.0757  10.0431 15.17329047172944
OSM-1 CICERO            
1 46294U 20061Y   23295.92641501  .00014888  00000+0  65317-3 0  9996
2 46294  97.3863   0.1946 0001791 341.8950  18.2222 15.22057559173112
TYVAK-0171              
1 46295U 20061Z   23296.17914457  .00085956  00000+0  17616-2 0  9990
2 46295  97.3923   8.2160 0001139 249.1253 110.9874 15.45757185173568
FLOCK 4V-10             
1 46296U 20061AA  23295.75944869  .00015419  00000+0  52391-3 0  9991
2 46296  97.3896   4.1614 0000867  31.3671 328.7621 15.30561271173325
FLOCK 4V-13             
1 46297U 20061AB  23295.74841756  .00015040  00000+0  51378-3 0  9996
2 46297  97.3883   4.1694 0000655 121.7547 238.3758 15.30394165173302
TTU100                  
1 46312U 20061AS  23296.14024613  .00036010  00000+0  11782-2 0  9998
2 46312  97.3906   4.5977 0001568 249.6450 110.4623 15.31605283173387
FLOCK 4V-4              
1 46314U 20061AU  23296.18815523  .00189549  00000+0  18341-2 0  9996
2 46314  97.3805   8.2691 0005439 257.5576 102.5075 15.65796225173678
LEMUR-2-SCHMIDTFALL     
1 46315U 20061AV  23296.18667266  .00203187  00000+0  14633-2 0  9991
2 46315  97.3896  16.4613 0006516 223.3972 136.6779 15.72950682174185
LEMUR-2-SQUAREJAWS      
1 46317U 20061AX  23295.78374477  .00291983  00000+0  14611-2 0  9994
2 46317  97.3896  17.4206 0006708 219.7085 140.3693 15.80995925174223
KEPLER-2 (TARS)         
1 46319U 20061AZ  23296.16708010  .00020576  00000+0  80364-3 0  9990
2 46319  97.3880   2.6214 0001223 200.5930 159.5259 15.25914252173319
NAPA-1                  
1 46320U 20061BA  23296.16346330  .00009687  00000+0  47933-3 0  9990
2 46320  97.3893 359.7587 0001497 221.1130 138.9991 15.18004496173123
FLOCK 4V-2              
1 46321U 20061BB  23296.16388397  .00094883  00000+0  18570-2 0  9996
2 46321  97.3823   8.4644 0002250 239.8417 120.2610 15.47065244173561
JILIN-1 GAOFEN 3B       
1 46454U 20065A   23296.20293919  .00011594  00000+0  55258-3 0  9990
2 46454  97.3793 341.0670 0011538 340.4919  19.5872 15.19207954171220
JILIN-1 GAOFEN 3E       
1 46457U 20065D   23296.20319035  .00011329  00000+0  54139-3 0  9994
2 46457  97.3801 341.1764 0010674   1.7883 358.3388 15.19130611171226
JILIN-1 GAOFEN 3F       
1 46458U 20065E   23296.17993086  .00010471  00000+0  50043-3 0  9992
2 46458  97.3733 340.1797 0010751 350.8298   9.2738 15.19148277171228
JILIN-1 GAOFEN 3G       
1 46459U 20065F   23296.16927406  .00010520  00000+0  50190-3 0  9993
2 46459  97.3851 342.0446 0011770 355.2739   4.8382 15.19197266171221
JILIN-1 GAOFEN 3H       
1 46460U 20065G   23296.18162655  .00010668  00000+0  51114-3 0  9994
2 46460  97.3745 340.3743 0010947 353.0471   7.0610 15.19052368171222
JILIN-1 GAOFEN 3J       
1 46462U 20065J   23296.14829763  .00011589  00000+0  55249-3 0  9998
2 46462  97.3789 341.0997 0010654 350.7148   9.3888 15.19207133171225
HAIYANG-2C              
1 46469U 20066A   23296.06653914 -.00000004  00000+0  69835-4 0  9998
2 46469  65.9942 105.6895 0013558 281.7223  78.2324 13.83371667155863
HJ-2A                   
1 46478U 20067A   23296.17118674  .00001571  00000+0  23291-3 0  9994
2 46478  97.9598  16.8810 0001517  96.8385 263.2997 14.76474661165416
HJ-2B                   
1 46479U 20067B   23296.20608848  .00001588  00000+0  23506-3 0  9993
2 46479  97.9634  17.3670 0001201  94.4704 265.6643 14.76542609165420
GONETS-M 17             
1 46486U 20068A   23296.14665255  .00000040  00000+0  21457-3 0  9995
2 46486  82.4992 229.6694 0023680 349.4594  10.5986 12.42897587139093
GONETS-M 18             
1 46487U 20068B   23296.19182318  .00000031  00000+0  15128-3 0  9993
2 46487  82.4947 229.1259 0020769 346.2689  13.7823 12.42876611139091
GONETS-M 19             
1 46488U 20068C   23295.92469300  .00000030  00000+0  14715-3 0  9993
2 46488  82.4971 229.5415 0014705   2.9610 357.1554 12.42871976138960
MEZNSAT                 
1 46489U 20068D   23295.82331113  .00018670  00000+0  96874-3 0  9998
2 46489  97.7802 248.4661 0016490  44.5325 315.7229 15.16072890168542
YARILO 1                
1 46490U 20068E   23295.82533395  .00021831  00000+0  10971-2 0  9992
2 46490  97.7816 248.9552 0016070  45.4302 314.8239 15.17169007168574
YARILO 2                
1 46491U 20068F   23296.12965711  .00018987  00000+0  96364-3 0  9997
2 46491  97.7825 249.0760 0016125  46.4360 313.8208 15.16852570168606
LACUNASAT-3             
1 46492U 20068G   23296.13942122  .00022308  00000+0  10954-2 0  9992
2 46492  97.7805 249.4380 0015751  44.9169 315.3335 15.17979755168616
DEKART                  
1 46493U 20068H   23295.56797555  .00007044  00000+0  43149-3 0  9990
2 46493  97.7834 245.8788 0017892  54.8051 305.4850 15.10373541168323
NORBI                   
1 46494U 20068J   23295.88599562  .00011115  00000+0  65755-3 0  9995
2 46494  97.7835 246.5287 0017208  53.5281 306.7531 15.11503904168395
SALSAT                  
1 46495U 20068K   23295.82042843  .00008274  00000+0  52214-3 0  9993
2 46495  97.7832 245.3771 0016512  51.0614 309.2083 15.09250415168313
ICEYE-X6                
1 46497U 20068M   23296.13512282  .00007437  00000+0  59192-3 0  9991
2 46497  97.8674 243.0869 0007460  87.7772 272.4305 15.00672408167965
LEMUR-2-SLICERS         
1 46500U 20068Q   23295.88239161  .00034720  00000+0  14518-2 0  9996
2 46500  97.7648 248.5492 0010977  60.8785 299.3548 15.23460693168532
LEMUR-2-SUSURRUS        
1 46502U 20068S   23295.81746436  .00028391  00000+0  11895-2 0  9991
2 46502  97.7663 248.5028 0010708  61.7693 298.4623 15.23442461168522
NETSAT-4                
1 46504U 20068U   23295.80230480  .00008133  00000+0  50804-3 0  9995
2 46504  97.7752 243.0585 0012977  94.7870 265.4840 15.09672135168144
NETSAT-3                
1 46505U 20068V   23295.85405344  .00009469  00000+0  59528-3 0  9999
2 46505  97.7733 242.8563 0012201 101.4335 258.8264 15.09396032168155
NETSAT-1                
1 46506U 20068W   23296.13156419  .00008372  00000+0  53575-3 0  9996
2 46506  97.7747 242.9534 0010318 108.5657 251.6692 15.08802452168188
NETSAT-2                
1 46507U 20068X   23296.13767223  .00010773  00000+0  67305-3 0  9992
2 46507  97.7736 243.1079 0009672 113.0066 247.2184 15.09611770168145
FLOCK 4V-16             
1 46527U 20061BD  23296.16514190  .00049710  00000+0  87243-3 0  9999
2 46527  97.3362  10.0293 0002765 163.9013 196.2327 15.50385352170335
FLOCK 4V-17             
1 46529U 20061BF  23296.17893512  .00041247  00000+0  75809-3 0  9992
2 46529  97.3339   9.7993 0001861 170.1655 189.9633 15.49112699169912
FLOCK 4V-20             
1 46612U 20061BJ  23295.76767147  .00012970  00000+0  40393-3 0  9994
2 46612  97.3481   5.8777 0004592 166.8662 193.2701 15.33395913167988
FLOCK 4V-23             
1 46737U 20061BM  23296.17528031  .00496262  00000+0  24715-2 0  9994
2 46737  97.3214   9.6108 0002844 232.2684 127.8326 15.80597120167117
TIANQI-6                
1 46810U 20076D   23296.08713321  .00004450  00000+0  40217-3 0  9990
2 46810  35.0012 176.1023 0014018 344.2351  15.7918 14.94866796163111
FLOCK 4V-25             
1 46812U 20061BP  23296.14132295  .00053055  00000+0  96194-3 0  9998
2 46812  97.3313   9.5405 0002366 115.4409 244.7087 15.49444148166327
NUSAT-10 (CAROLINE)     
1 46832U 20079F   23296.16213516  .02157339  22653-5  12218-2 0  9997
2 46832  97.1236  12.3004 0008990 269.1296  90.8963 16.19103596166654
BEIHANGKONGSHI 1        
1 46838U 20079M   23296.05318588  .00227026  00000+0  12615-2 0  9992
2 46838  97.1347  11.0516 0002742 292.1499  67.9478 15.78868965166565
TIANQI-11               
1 46904U 20080A   23296.12059397  .00555452  12615-3  15582-2 0  9998
2 46904  97.5004  82.1843 0006155 311.1547 103.8553 15.93551471165496
KSM1-C                  
1 46906U 20081B   23295.95338708  .00006913  00000+0  48064-3 0  9993
2 46906  36.8932 175.6074 0002103  98.4060 261.6920 15.05166154162190
KSM1-D                  
1 46907U 20081C   23296.09370454  .00006161  00000+0  43068-3 0  9998
2 46907  36.8975 175.1882 0004406 133.9838 226.1268 15.05021190162287
KSM1-A                  
1 46912U 20081H   23296.14047851  .00005952  00000+0  41498-3 0  9994
2 46912  36.8969 173.6472 0004835 221.9171 138.1201 15.05133770162308
R2                      
1 46913U 20081J   23295.94440057  .00006453  00000+0  44686-3 0  9996
2 46913  36.9013 173.3646 0008983 151.0870 209.0371 15.05325525165059
KSM1-B                  
1 46914U 20081K   23296.09917045  .00006136  00000+0  42892-3 0  9995
2 46914  36.9010 174.5299 0007366 161.1031 198.9986 15.05010422161566
CORVUS BC5              
1 46931U 20085C   23295.99859359  .00070612  00000+0  11050-2 0  9990
2 46931  97.4976  85.9436 0006749 100.9248 259.2765 15.53492574163025
BRO-3                   
1 46943U 20085Q   23296.18315496  .00100985  00000+0  11932-2 0  9990
2 46943  97.4743  84.7100 0002514 140.8473 219.2966 15.60971180163071
GONETS-M 20             
1 47227U 20091A   23296.18430342  .00000031  00000+0  15237-3 0  9995
2 47227  82.5073 184.1117 0020907 131.3150 228.9734 12.42896733130941
GONETS-M 21             
1 47228U 20091B   23296.15728993  .00000027  00000+0  12190-3 0  9995
2 47228  82.4998 183.4369 0014661 143.7970 216.4104 12.42871803130949
GONETS-M 22             
1 47229U 20091C   23296.13059033  .00000026  00000+0  11399-3 0  9995
2 47229  82.5055 183.9004 0021874 124.8498 235.4643 12.42868927130936
HAISI 1                 
1 47297U 20102B   23296.18456974  .00032759  00000+0  94120-3 0  9994
2 47297  97.4291  35.2077 0004496 139.5244 220.6334 15.35751369157488
CAPE-3                  
1 47309U 21002A   23296.18883081  .00082110  00000+0  12112-2 0  9997
2 47309  60.6708 282.2058 0022892  18.3645 341.8278 15.54546855154088
RADFXSAT-2 (AO-109)     
1 47311U 21002C   23296.16528062  .00051999  00000+0  96001-3 0  9994
2 47311  60.6769 283.5946 0020722  18.7947 341.3913 15.48510025154047
CP12 (EXOCUBE 2)        
1 47319U 21002L   23296.17892411  .00049670  00000+0  95641-3 0  9997
2 47319  60.6748 286.3789 0021564  17.6480 342.5362 15.47299501153955
UVSQ-SAT                
1 47438U 21006AB  23296.11313609  .00026824  00000+0  93821-3 0  9998
2 47438  97.3684 351.6681 0008399 358.6208   1.5008 15.29470931152166
YUSAT-1                 
1 47439U 21006AC  23296.13104885  .00036979  00000+0  11295-2 0  9991
2 47439  97.3691 353.0743 0007412 352.9462   7.1675 15.33775453152258
2021-006AE              
1 47441U 21006AE  23296.09234785  .00049484  00000+0  14172-2 0  9994
2 47441  97.3586 352.8123 0007127 353.3100   6.8047 15.35741800152250
SOMP2B                  
1 47445U 21006AJ  23295.71350104  .00016509  00000+0  59728-3 0  9999
2 47445  97.3655 350.3071 0008389   8.8059 351.3326 15.28464533152066
CUBEL                   
1 47448U 21006AM  23295.84495258  .00005510  00000+0  27491-3 0  9998
2 47448  97.3812 348.2985 0011607  18.8420 341.3241 15.17860834151824
FLOCK 4S-21             
1 47456U 21006AV  23296.08607660  .00025222  00000+0  74587-3 0  9996
2 47456  97.3748 354.9164 0006602 348.1289  11.9797 15.34885603152316
IDEASSAT                
1 47458U 21006AX  23296.08571167  .00022051  00000+0  82048-3 0  9998
2 47458  97.3746 351.4726 0008008   5.8566 354.2765 15.27483094152092
NASA PTD-1              
1 47482U 21006BX  23296.13376135  .00106639  00000+0  20720-2 0  9992
2 47482  97.3800 356.4517 0002757   2.5428 357.5836 15.47228226152382
ASTROCAST-0103          
1 47487U 21006CC  23295.88427261  .00009556  00000+0  43254-3 0  9993
2 47487  97.3881 348.8944 0008931  38.6422 321.5451 15.21065627151861
ASTROCAST-0102          
1 47488U 21006CD  23295.65598936  .00010053  00000+0  45372-3 0  9994
2 47488  97.3803 347.9794 0009355  17.9976 342.1590 15.21148085151823
LEMUR-2-RUAIRI-EILIDH   
1 47511U 21006DC  23296.13057798  .00083799  00000+0  18256-2 0  9998
2 47511  97.3706 355.0561 0002519 348.0314  12.0874 15.43960462152377
ASTROCAST-0104          
1 47519U 21006DK  23295.86845409  .00009171  00000+0  41457-3 0  9991
2 47519  97.3838 348.3938 0008248  14.7521 345.3953 15.21128113151853
FLOCK 4S-29             
1 47520U 21006DL  23296.14668864  .00070659  00000+0  16878-2 0  9990
2 47520  97.3660 354.1937 0004612 356.0244   4.0965 15.41248840152335
FLOCK 4S-10             
1 47523U 21006DP  23296.13092582  .00021479  00000+0  63912-3 0  9998
2 47523  97.3722 353.9542 0005402   9.6467 350.4879 15.34729106152290
FLOCK 4S-7              
1 47527U 21006DT  23295.91024805  .00023560  00000+0  70949-3 0  9991
2 47527  97.3675 353.3801 0004998   9.5881 350.5457 15.34333918153220
LEMUR-2-CHANTAL         
1 47529U 21006DV  23296.11347483  .00038841  00000+0  10561-2 0  9997
2 47529  97.3709 353.7999 0004201   2.9742 357.1526 15.37435908153249
HIBER-4                 
1 47541U 21006EB  23296.10228774  .00031890  00000+0  10378-2 0  9994
2 47541  97.3652 351.7297 0007268   1.4882 358.6380 15.31781534152183
SAI-1 NANOCONNECT-2     
1 47701U 21015C   23295.78090579  .00221089  00000+0  13285-2 0  9996
2 47701  97.3677  23.7480 0001242 199.0317 161.0903 15.77120192148023
GRUS-1B                 
1 47934U 21022C   23296.16059217  .00002110  00000+0  19684-3 0  9991
2 47934  97.6469 190.1013 0018197 334.7182  25.3146 14.95143975141037
2021-022F               
1 47937U 21022F   23296.19602146  .00007046  00000+0  40755-3 0  9998
2 47937  97.4802 191.2351 0013107 245.2174 114.7694 15.12499808142434
2021-022G               
1 47938U 21022G   23296.16204971  .00013620  00000+0  69421-3 0  9996
2 47938  97.4770 191.4300 0014564 249.8069 110.1599 15.16791946142465
2021-022H               
1 47939U 21022H   23296.19476138  .00020575  00000+0  91308-3 0  9992
2 47939  97.4814 194.4329 0011255 221.7693 138.2684 15.21543748142620
WILDTRACKCUBE-SIMBA     
1 47941U 21022K   23296.18003214  .00010862  00000+0  58800-3 0  9993
2 47941  97.4801 190.9951 0015828 252.4958 107.4544 15.14704755142369
HIBER-3                 
1 47942U 21022L   23295.95647386  .00019570  00000+0  93030-3 0  9991
2 47942  97.4764 192.2580 0013258 243.6132 116.3742 15.19164037142459
2021-022M               
1 47943U 21022M   23296.18736296  .00020140  00000+0  89072-3 0  9993
2 47943  97.4806 194.5586 0011248 221.2739 138.7648 15.21665364142499
ELSA-D                  
1 47944U 21022N   23295.71171341  .00011823  00000+0  57832-3 0  9993
2 47944  97.4796 191.8801 0012334 239.1986 120.8034 15.18294666142419
UNISAT-7                
1 47945U 21022P   23295.95020664  .00007763  00000+0  44136-3 0  9992
2 47945  97.4781 190.8142 0014060 244.3373 115.6406 15.13073126142233
2021-022Q               
1 47946U 21022Q   23296.20059701  .00012567  00000+0  65009-3 0  9996
2 47946  97.4792 192.3685 0013469 235.1865 124.8101 15.16303646142488
NANOSATC-BR2            
1 47950U 21022U   23296.16088776  .00018554  00000+0  87347-3 0  9991
2 47950  97.4765 192.2989 0013614 246.3791 113.6015 15.19508040142470
CUBESX-SIRIUS-HSE       
1 47951U 21022V   23296.16651927  .00013872  00000+0  71187-3 0  9999
2 47951  97.4797 191.5591 0015142 249.5808 110.3799 15.16543007142404
CUBESX-HSE              
1 47952U 21022W   23296.19994218  .00014643  00000+0  74954-3 0  9998
2 47952  97.4796 191.6514 0015183 249.0392 110.9216 15.16618503142413
2021-022X               
1 47953U 21022X   23296.21127906  .00009485  00000+0  52947-3 0  9990
2 47953  97.4772 190.3151 0015965 255.0784 104.8680 15.13642184142079
KSU-CUBESAT             
1 47954U 21022Y   23296.16542697  .00015998  00000+0  78972-3 0  9995
2 47954  97.4803 192.2018 0014263 246.2536 113.7202 15.17882213142167
CHALLENGE ONE           
1 47956U 21022AA  23295.70741857  .00012879  00000+0  65497-3 0  9998
2 47956  97.4808 191.1751 0015333 253.0778 106.8774 15.16875223142124
2021-022AC              
1 47958U 21022AC  23295.84866697  .00013157  00000+0  72407-3 0  9994
2 47958  97.4760 189.9412 0016088 256.1911 103.7531 15.14065165141101
GRBALPHA                
1 47959U 21022AD  23296.17939885  .00013722  00000+0  70102-3 0  9990
2 47959  97.4800 191.7363 0014887 249.2301 110.7338 15.16705657141230
ORBICRAFT-ZORKY         
1 47960U 21022AE  23296.20040748  .00016805  00000+0  83369-3 0  9991
2 47960  97.4834 192.3946 0014578 247.3178 112.6514 15.17693587141956
3B5GSAT (SATELIOT 1)    
1 47961U 21022AF  23295.95878849  .00037727  00000+0  13355-2 0  9997
2 47961  97.4861 196.2386 0011091 227.6424 132.3877 15.28982122141487
STECCO                  
1 47962U 21022AG  23296.06182670  .00035197  00000+0  13334-2 0  9997
2 47962  97.4805 195.9784 0008446 220.5047 139.5564 15.26786404141505
SMOG-1                  
1 47964U 21022AJ  23295.96455349  .00037279  00000+0  13607-2 0  9999
2 47964  97.4819 196.6919 0010279 215.9517 144.1032 15.27986916141533
CENTAURI-3 (TYVAK-0210) 
1 47966U 21023B   23295.91714732  .00032891  00000+0  12125-2 0  9990
2 47966  45.0088 124.0503 0008511 224.3403 135.6798 15.27272169142724
GLOBAL-9                
1 47971U 21023G   23295.89044402  .00034661  00000+0  75026-3 0  9990
2 47971  44.9934 239.6221 0005086  99.5649 260.5815 15.43906747145653
BCCSAT-1                
1 48041U 21022AK  23295.69339899  .00022569  00000+0  91640-3 0  9997
2 48041  97.4819 194.8154 0008598 219.7133 140.3475 15.24564022141365
BEESAT-8                
1 48085U 21022AP  23295.95542845  .00016893  00000+0  79310-3 0  9994
2 48085  97.4838 193.0738 0013773 244.6145 115.3665 15.19621469141562
2021-033E               
1 48252U 21033E   23296.19933651  .00019382  00000+0  55816-3 0  9999
2 48252  97.2968   6.1385 0007159 314.8146  45.2515 15.35768974138588
2021-033H               
1 48255U 21033H   23295.98724937  .00267683  00000+0  17905-2 0  9998
2 48255  97.3061  15.7982 0009923 291.8465  68.1744 15.74470100139138
AII-BRAVO               
1 48270U 21034C   23296.14741296  .00004802  00000+0  50368-3 0  9995
2 48270  97.6904 359.0983 0002413 232.3108 127.7891 14.89980434134793
TYVAK-182A              
1 48271U 21034D   23296.14063680  .00006153  00000+0  62810-3 0  9996
2 48271  97.6888 359.8234 0000785 340.7585  19.3603 14.90969129134837
CSS (TIANHE)            
1 48274U 21035A   23295.53361038  .00018027  00000+0  20563-3 0  9992
2 48274  41.4709 100.5364 0002501 174.4226 185.6641 15.61794340141743
TYVAK-0130              
1 48606U 21041BF  23296.01985251  .00005949  00000+0  44662-3 0  9996
2 48606  53.0300 122.4825 0014216  82.0679 278.1922 15.03834209133505
HAIYANG-2D              
1 48621U 21043A   23296.19292119  .00000018  00000+0  90344-4 0  9999
2 48621  65.9977 194.6712 0007488 274.6513  85.3700 13.83371806122694
2021-050D               
1 48843U 21050D   23296.19546832  .00009690  00000+0  39848-3 0  9993
2 48843  97.4268  11.9753 0016112 286.2239  73.7225 15.24248755131569
BRIK-II                 
1 48876U 21058F   23296.21046283  .00009154  00000+0  33164-3 0  9995
2 48876  60.6754 297.5590 0023838 150.0769 210.1690 15.28809319128592
SPACEBEE-100            
1 48883U 21059E   23296.15492969  .00069041  00000+0  14835-2 0  9997
2 48883  97.6056  77.2483 0003979 199.4440 160.6656 15.44427568129048
LEMUR-2-JACKSON         
1 48885U 21059G   23296.15632406  .00082979  00000+0  14202-2 0  9994
2 48885  97.5946  79.3833 0003889 204.2308 155.8761 15.50952136129209
TYVAK-0173              
1 48892U 21059P   23295.83701291  .00003848  00000+0  56943-3 0  9992
2 48892  96.0057 241.4452 0012547  64.9594 295.2921 14.75479173125138
CENTAURI-4 (TYVAK-0211) 
1 48898U 21059V   23295.95100568  .00046511  00000+0  10166-2 0  9991
2 48898  97.6045  77.7186 0005794 175.9219 184.2077 15.44016810129062
TUBIN                   
1 48900U 21059X   23296.07741027  .00014156  00000+0  61721-3 0  9994
2 48900  97.6167  70.8565 0008212 192.0952 168.0088 15.22260014128613
UMBRA-2001              
1 48906U 21059AD  23295.94028065  .00043729  00000+0  20734-2 0  9991
2 48906  97.5864  66.8229 0004535 222.8746 137.2135 15.19141006128448
MANDRAKE 2 ABLE         
1 48907U 21059AE  23295.92015858  .00010323  00000+0  48310-3 0  9991
2 48907  97.6170  70.1218 0009012 196.3629 163.7315 15.19905479128554
MANDRAKE 2 BAKER        
1 48908U 21059AF  23295.94489447  .00010826  00000+0  50003-3 0  9993
2 48908  97.6191  70.3450 0008716 187.2299 172.8811 15.20349321128563
PACE-1                  
1 48909U 21059AG  23295.87463466  .00011566  00000+0  52255-3 0  9992
2 48909  97.6092  69.6343 0009143 184.9384 175.1763 15.21087040128571
YAM-2                   
1 48911U 21059AJ  23295.88706580  .00015251  00000+0  62867-3 0  9998
2 48911  97.6189  72.1264 0009018 183.4074 176.7103 15.24139448128661
ION SCV-003             
1 48912U 21059AK  23295.95047017  .00024363  00000+0  83262-3 0  9996
2 48912  97.5890  72.3309 0009204 186.9082 173.2033 15.30242288128811
YAM-3                   
1 48915U 21059AN  23296.13310320  .00009312  00000+0  43260-3 0  9991
2 48915  97.6153  70.4421 0010073 181.2582 178.8629 15.20181144128601
LEMUR-2-ANNABANANA      
1 48923U 21059AW  23295.92745209  .00036661  00000+0  66452-3 0  9999
2 48923  97.5906  80.7289 0005174 161.0914 199.0530 15.49524028129310
PAINANI-2               
1 48928U 21059BB  23295.92753581  .00028770  00000+0  96683-3 0  9997
2 48928  97.6175  75.3593 0010704 178.3884 181.7392 15.30738736128871
SHERPA-LTE1             
1 48941U 21059BQ  23296.02195110  .00040595  00000+0  60248-3 0  9999
2 48941  97.6059  92.4583 0001951 150.1751 209.9614 15.55108997130028
QMR-KWT                 
1 48943U 21059BS  23296.13716439  .00031776  00000+0  99791-3 0  9992
2 48943  97.6117  75.3052 0005603 181.3892 178.7335 15.32936224128922
DEMO8 (TENZING)         
1 48951U 21059CA  23296.15942978  .00008320  00000+0  37454-3 0  9999
2 48951  97.6220  72.3211 0014220 192.5636 167.5247 15.21258194128698
ASTROCAST-0201          
1 48954U 21059CD  23296.19256836  .00011362  00000+0  47990-3 0  9993
2 48954  97.6081  72.5609 0010723 190.0605 170.0418 15.23376389128757
ASTROCAST-0203          
1 48955U 21059CE  23295.88535924  .00011937  00000+0  50390-3 0  9993
2 48955  97.6054  71.8857 0013500 190.1742 169.9224 15.23351617128708
ASTROCAST-0205          
1 48960U 21059CK  23295.90793695  .00012839  00000+0  54156-3 0  9999
2 48960  97.6064  72.2074 0012766 171.4846 188.6609 15.23365674128715
GHALIB                  
1 48962U 21059CM  23295.96369107  .00064405  00000+0  15627-2 0  9999
2 48962  97.6056  76.6101 0004362 197.3946 162.7151 15.40803484129001
NAPA-2                  
1 48963U 21059CN  23296.18301397  .00012481  00000+0  58236-3 0  9993
2 48963  97.6129  69.4570 0011602 185.9814 174.1284 15.19932373128554
W-CUBE                  
1 48965U 21059CQ  23296.12705441  .00015833  00000+0  68163-3 0  9991
2 48965  97.6167  70.9693 0010367 179.0999 181.0257 15.22649041128622
NEPT-1                  
1 48966U 21059CR  23296.17172106  .00036087  00000+0  10730-2 0  9993
2 48966  97.6004  74.5512 0005022 173.4826 186.6483 15.34648993128947
JILIN-1 GAOFEN 3D01     
1 49004U 21061B   23296.18805957  .00014120  00000+0  64433-3 0  9992
2 49004  97.4322 358.4026 0008941 257.5908 102.4327 15.20690850127355
JILIN-1 GAOFEN 3D03     
1 49006U 21061D   23296.13218202  .00012884  00000+0  64379-3 0  9994
2 49006  97.4311 356.7743 0009207 308.2086  51.8318 15.17558144127249
XINGSHIDAI 10           
1 49007U 21061E   23296.18967401  .00011850  00000+0  59360-3 0  9998
2 49007  97.4318 356.7602 0010387 288.8936  71.1171 15.17481217127247
FENGYUN 3E              
1 49008U 21062A   23296.21051220  .00000059  00000+0  48664-4 0  9992
2 49008  98.7283 295.7809 0001883  33.3893 326.7402 14.19705314119223
DHABISAT (MYSAT-2)      
1 49016U 21013F   23295.89512696  .00114599  00000+0  12868-2 0  9999
2 49016  51.5809 160.8717 0006218 154.7698 205.3600 15.61740846129636
IT-SPINS                
1 49017U 21013G   23295.94788781  .00084230  00000+0  12123-2 0  9998
2 49017  51.5861 167.3778 0005739 123.3680 236.7861 15.55301398129493
ISS (NAUKA)             
1 49044U 21066A   23295.52871732  .00014113  00000+0  25884-3 0  9991
2 49044  51.6411  57.7775 0000590 100.4004 259.7051 15.49550530421533
BRO-4                   
1 49066U 21073A   23296.15236323  .00017611  00000+0  79202-3 0  9993
2 49066  97.4754   7.4962 0022707  23.1305 337.0947 15.20942637120457
RADCUBE                 
1 49067U 21073B   23295.93743124  .00031243  00000+0  11686-2 0  9999
2 49067  97.4711   8.3920 0018473  27.4023 332.8186 15.27106976120480
SUNSTORM                
1 49068U 21073C   23296.16404038  .00029192  00000+0  11315-2 0  9993
2 49068  97.4733   8.2243 0018602  29.1373 331.0899 15.25936331120489
LEDSAT                  
1 49069U 21073D   23296.15730101  .00012632  00000+0  63825-3 0  9991
2 49069  97.4696   4.9953 0023319  39.5554 320.7376 15.16968658120286
CUTE                    
1 49263U 21088D   23295.92688920  .00014800  00000+0  87267-3 0  9993
2 49263  97.5311 359.6548 0016935 180.1341 179.9888 15.11545326113563
2021-091B               
1 49316U 21091B   23296.16319466  .00005532  00000+0  26679-3 0  9991
2 49316  97.4589 121.9651 0007735 229.7912 130.2646 15.19086991112090
2021-091H               
1 49322U 21091H   23296.16131632  .00014809  00000+0  52739-3 0  9998
2 49322  97.4533 125.4736 0012481 197.0002 163.0821 15.28968559112335
2021-091K               
1 49324U 21091K   23296.19556399  .00037560  00000+0  95949-3 0  9993
2 49324  97.4265 127.7996 0009673 188.0331 172.0761 15.39329411112597
SDGSAT 1                
1 49387U 21100A   23296.18526542  .00005566  00000+0  26478-3 0  9991
2 49387  97.4009 354.8240 0003286 273.5966  86.4893 15.19571202108915
ASTERISC                
1 49395U 21102A   23295.70301804  .00013991  00000+0  80759-3 0  9994
2 49395  97.4728 345.8427 0012658 340.5455  19.5291 15.12379537107121
TEIKYOSAT-4 (OORURI)    
1 49396U 21102B   23295.86388789  .00002885  00000+0  21904-3 0  9996
2 49396  97.4992 343.8450 0014160  17.7729 342.3989 15.02879961106941
Z-SAT                   
1 49399U 21102E   23296.17974178  .00003870  00000+0  26919-3 0  9993
2 49399  97.4689 345.3233 0021305 357.2582   2.8525 15.05886554107147
HIBARI                  
1 49400U 21102F   23296.16127924  .00007537  00000+0  49092-3 0  9995
2 49400  97.4678 346.0529 0018743 348.4273  11.6521 15.08068571107200
KOSEN-1                 
1 49402U 21102H   23296.09163590  .00007045  00000+0  45979-3 0  9992
2 49402  97.4620 345.9958 0019770 344.3783  15.6833 15.07999901107226
GLOBAL-14               
1 49469U 21106A   23295.90852492  .00032273  00000+0  73152-3 0  9999
2 49469  42.0106 184.5915 0005574 259.4812 100.5402 15.42438233108930
GLOBAL-15               
1 49470U 21106B   23295.53225854  .00022956  00000+0  55011-3 0  9997
2 49470  42.0025 227.4058 0020806 168.0303 192.1036 15.40703871108416
GAOFEN-3 02             
1 49495U 21109A   23296.22486638  .00000150  00000+0  58817-4 0  9993
2 49495  98.4158 301.8402 0001287  51.8895 308.2410 14.42219517100791
GLOBAL-12               
1 49772U 21115BA  23296.19463312  .00025739  00000+0  66706-3 0  9993
2 49772  53.2079 288.3482 0011686 346.8439  13.2260 15.38826809106686
GLOBAL-13               
1 49773U 21115BB  23295.71147487  .00019358  00000+0  50494-3 0  9990
2 49773  53.2099 291.8004 0008783 323.6791  36.3617 15.38837722106594
2021-117A               
1 49812U 21117A   23296.21376710  .00054185  00000+0  98587-3 0  9997
2 49812  97.3374  18.7285 0006942  10.6146 349.5251 15.49316755105077
JINZIJING 1 03          
1 49813U 21117B   23296.19337394  .00083124  00000+0  11343-2 0  9999
2 49813  97.3314  17.2432 0005613 357.1682   2.9541 15.57197120104992
GLOBAL-17               
1 49949U 21120A   23295.40605619  .00031882  00000+0  83031-3 0  9992
2 49949  42.0074 313.6955 0010975  40.2007 319.9642 15.38194824105545
GLOBAL-16               
1 49950U 21120B   23295.11958555  .00022672  00000+0  59337-3 0  9991
2 49950  42.0087 314.9929 0010243  48.1844 311.9869 15.38195965105494
XW-3 (CAS-9)            
1 50466U 21131B   23296.17819234  .00000903  00000+0  30604-3 0  9993
2 50466  98.5452  17.2961 0005296 113.9827 246.1915 14.39134856 95764
UMBRA-02                
1 50986U 22002C   23295.68568094  .00024225  00000+0  12638-2 0  9997
2 50986  97.4251 359.8714 0005456 251.2191 108.8450 15.15925791 98048
TEVEL-3                 
1 50988U 22002E   23296.14376642  .00036788  00000+0  11904-2 0  9999
2 50988  97.4185   2.6704 0007140 137.7620 222.4173 15.31934475 98306
TEVEL-8                 
1 50989U 22002F   23296.16854984  .00034067  00000+0  11057-2 0  9999
2 50989  97.4202   2.7681 0007201 136.7154 223.4654 15.31853803 98301
ION SCV-004             
1 50993U 22002K   23295.91163413  .00005644  00000+0  29971-3 0  9990
2 50993  97.4242 357.1923 0009543 142.5189 217.6711 15.15672876 97893
TEVEL-5                 
1 50998U 22002Q   23296.13908173  .00039142  00000+0  12203-2 0  9999
2 50998  97.4179   3.2263 0008014 132.6619 227.5300 15.33105891 98346
TEVEL-6                 
1 50999U 22002R   23296.13786788  .00039490  00000+0  12315-2 0  9996
2 50999  97.4178   3.2163 0008029 132.6949 227.4970 15.33095253 98349
TEVEL-1                 
1 51013U 22002AF  23296.15805408  .00034445  00000+0  11174-2 0  9994
2 51013  97.4177   2.6041 0007048 137.6979 222.4807 15.31868915 98303
SANOSAT-1               
1 51031U 22002AZ  23296.17853044  .00093510  00000+0  17851-2 0  9991
2 51031  97.4285   7.9079 0005652 133.1799 226.9924 15.47780261 98585
IRIS-A                  
1 51044U 22002BN  23295.72476947  .00012523  00000+0  54259-3 0  9997
2 51044  97.4205 359.3743 0008266 146.3357 213.8406 15.22496826 98048
FLOCK 4X-28             
1 51045U 22002BP  23296.19141706  .00029924  00000+0  82373-3 0  9993
2 51045  97.4197   5.2845 0007971 111.5461 248.6634 15.37085343 98460
FLOCK 4X-19             
1 51046U 22002BQ  23296.18583956  .00040662  00000+0  86399-3 0  9994
2 51046  97.4204   7.5370 0004856 119.1618 241.0117 15.44888169 98597
KEPLER-19               
1 51051U 22002BV  23295.92375158  .00012197  00000+0  56566-3 0  9999
2 51051  97.4245 358.8821 0008804 153.1576 207.0116 15.20168470 98017