OPS 6582 (TRANSIT 5B-5) 
1 00965U 64083D   23295.74422848  .00000080  00000+0  99358-4 0  9996
2 00965  90.0431 197.1996 0039561 228.2425 186.1982 13.56843935912273
SOLRAD 7B               
1 01291U 65016D   23296.02393415  .00000053  00000+0  78145-4 0  9996
2 01291  70.0767 134.2452 0023305 307.6515  52.2476 13.94728376982187
SECOR 4 (EGRS 4)        
1 01315U 65027B   23296.16475630  .00000073  00000+0  24127-3 0  9992
2 01315  90.2473 354.0659 0030405 205.1046 210.2303 12.92632849762371
TIROS 10                
1 01430U 65051A   23295.90407337  .00000443  00000+0  14941-3 0  9991
2 01430  98.4184  49.2074 0057236 107.4194 253.3263 14.40704503 56440
SECOR 13 (EGRS 13)      
1 03891U 69037B   23295.95669167 -.00000015  00000+0  48531-4 0  9997
2 03891  99.7767 186.8210 0040246 103.0817 323.7403 13.42910519671797
OPS 7613 (P/L 4)        
1 04237U 69082E   23295.63469461  .00000070  00000+0  89660-4 0  9990
2 04237  70.0173  12.4877 0022869 308.1814 162.2457 13.95690097751668
OPS 7613 (P/L 1)        
1 04256U 69082B   23296.19080138  .00000202  00000+0  17772-3 0  9994
2 04256  70.0092 243.6596 0022315 255.3237 104.5396 13.98649765755083
OPS 7898 (P/L 2)        
1 05680U 71110C   23295.92441938  .00000020  00000+0  73954-4 0  9993
2 05680  69.9901 200.8896 0010355 295.7660  64.2365 13.74603011215142
NOAA 2 (ITOS-D)         
1 06235U 72082A   23295.94574324 -.00000009  00000+0  23808-3 0  9997
2 06235 102.0041 287.3089 0003772 212.8330 202.7564 12.53169317333666
OSCAR 7 (AO-7)          
1 07530U 74089B   23295.55863116 -.00000021  00000+0  15700-3 0  9998
2 07530 101.9619 283.1535 0012096 178.8289 293.6010 12.53668307239378
TIROS N                 
1 11060U 78096A   23295.90401759  .00000305  00000+0  16761-3 0  9995
2 11060  98.5686 339.8049 0011009 158.6586 201.5052 14.18654751541421
HILAT                   
1 14154U 83063A   23295.90950589  .00000643  00000+0  20945-3 0  9996
2 14154  82.0255 340.3021 0039648 344.1343 188.2568 14.37153394108427
UOSAT 2 (UO-11)         
1 14781U 84021B   23295.93481024  .00002626  00000+0  31015-3 0  9996
2 14781  97.6743 268.0630 0009305 133.3071 226.8922 14.85466677113100
NOAA 9                  
1 15427U 84123A   23295.92146354  .00000273  00000+0  16060-3 0  9999
2 15427  99.1036 282.7458 0014268 207.4002 213.9527 14.16438722  6318
GEOSAT                  
1 15595U 85021A   23295.72748920  .00000493  00000+0  20453-3 0  9993
2 15595 108.0532 226.6985 0002550 285.1334  74.9525 14.38717338 23419
PACSAT (AO-16)          
1 20439U 90005D   23295.93456729  .00000335  00000+0  13898-3 0  9990
2 20439  98.8940 289.5112 0010605 183.9720 235.3896 14.33192672763200
LUSAT (LO-19)           
1 20442U 90005G   23295.92082860  .00000346  00000+0  14241-3 0  9999
2 20442  98.8602 275.2648 0012035 159.0619 201.1060 14.33347886763646
IRS-1B                  
1 21688U 91061A   23295.95721615  .00000094  00000+0  99367-4 0  9999
2 21688  99.3354 266.8420 0025208 114.8745 316.3410 13.97542675533238
COSMOS 2197             
1 22034U 92042A   23295.79200469  .00000048  00000+0  20509-3 0  9996
2 22034  82.5902 127.7438 0012019 320.5205  49.8902 12.64203226442922
PEGASUS R/B             
1 22491U 93009C   23295.65471420  .00001705  00000+0  34060-3 0  9997
2 22491  24.9779  50.9265 0046788 124.3574 236.1373 14.54685563628271
EYESAT A (AO-27)        
1 22825U 93061C   23295.87286104  .00000204  00000+0  96136-4 0  9999
2 22825  98.8264 340.7340 0009332  59.6259 300.5844 14.30365912568548
ITAMSAT (IO-26)         
1 22826U 93061D   23296.12354558  .00000229  00000+0  10482-3 0  9994
2 22826  98.8210 340.8497 0009682  45.5754 314.6219 14.30733890569105
JAS-2 (FO-29)           
1 24278U 96046B   23296.18252116  .00000064  00000+0  97649-4 0  9994
2 24278  98.5479 257.3894 0351213  84.9747 279.1379 13.53157822342496
FORTE                   
1 24920U 97047A   23295.70668480  .00000397  00000+0  18671-3 0  9998
2 24920  69.9555  39.8936 0021348 165.0662 195.1095 14.26896486360474
NOAA 15                 
1 25338U 98030A   23296.10625839  .00000281  00000+0  13465-3 0  9999
2 25338  98.5962 322.9238 0009374 303.6656  56.3630 14.26416914323495
TECHSAT 1B (GO-32)      
1 25397U 98043D   23295.89944247  .00000220  00000+0  11602-3 0  9994
2 25397  98.8864 254.5531 0002247 108.7786 251.3636 14.23929910313506
ISS (ZARYA)             
1 25544U 98067A   23296.18524024  .00018429  00000+0  33502-3 0  9997
2 25544  51.6442  54.5237 0000736  95.3016 329.5975 15.49579772421643
ORSTED                  
1 25635U 99008B   23296.18875390  .00000825  00000+0  19872-3 0  9994
2 25635  96.4809  50.8413 0137602  47.8939 313.3862 14.49350407301893
LANDSAT 7               
1 25682U 99020A   23296.21398448  .00000691  00000+0  15207-3 0  9997
2 25682  97.9170 328.9562 0001459  79.5900 356.1712 14.60289672304469
ORBCOMM FM36            
1 25984U 99065E   23295.67128794  .00001890  00000+0  71004-3 0  9994
2 25984  45.0397  62.6242 0004409 164.4543 195.6441 14.34750611247650
DMSP 5D-3 F15 (USA 147) 
1 25991U 99067A   23295.95942301  .00000327  00000+0  18641-3 0  9995
2 25991  99.0739 301.7447 0009232 228.5973 188.5012 14.16826132233505
OPAL (OO-38)            
1 26063U 00004C   23296.21117901  .00000373  00000+0  14458-3 0  9992
2 26063 100.1894  37.5482 0035663 248.1512 111.5874 14.37124246244390
MEGSAT-1                
1 26546U 00057B   23295.32182840  .00004284  00000+0  39999-3 0  9993
2 26546  64.5536 269.3704 0042746 251.7233 107.9225 14.94816986252293
ODIN                    
1 26702U 01007A   23295.92765995  .00009905  00000+0  50655-3 0  9994
2 26702  97.5001 308.0331 0009813  41.6174 318.5804 15.16807892240724
PCSAT (NO-44)           
1 26931U 01043C   23295.89639699  .00000403  00000+0  18440-3 0  9995
2 26931  67.0508 227.0454 0006683 256.8615 103.1741 14.31020296151854
PROBA-1                 
1 26958U 01049B   23296.20275848  .00004065  00000+0  32237-3 0  9996
2 26958  97.8915 263.9034 0069975 136.5774 224.0990 14.99188823198217
SPOT 5                  
1 27421U 02021A   23296.14267665  .00000705  00000+0  16293-3 0  9995
2 27421  98.1250 355.3224 0134273  39.0891 321.9914 14.52843097122228
FENGYUN 1D              
1 27431U 02024B   23296.08306710  .00000165  00000+0  11931-3 0  9991
2 27431  99.0878 327.7481 0016472  81.9645 278.3393 14.09901718103127
SAUDISAT 1C (SO-50)     
1 27607U 02058C   23296.15647295  .00001977  00000+0  28750-3 0  9996
2 27607  64.5551 232.4766 0054702 196.8148 163.1144 14.77804998121343
CORIOLIS                
1 27640U 03001A   23295.89403226  .00000259  00000+0  14377-3 0  9998
2 27640  98.7171 301.9458 0015123 118.8609 241.4087 14.19329007 76835
CUTE-1 (CO-55)          
1 27844U 03031E   23295.95295547  .00000607  00000+0  28931-3 0  9997
2 27844  98.6806 301.3644 0010807 113.0588 247.1730 14.22927741 53907
CUBESAT XI-IV (CO-57)   
1 27848U 03031J   23296.00881271  .00000513  00000+0  24962-3 0  9999
2 27848  98.6840 301.7836 0010573 126.9356 233.2791 14.22418095 53722
MOZHAYETS 4 (RS-22)     
1 27939U 03042A   23296.22816181  .00002034  00000+0  35630-3 0  9998
2 27939  98.2611  84.3255 0013496  92.2905  30.8105 14.68868423 73339
IRS-P6 (RESOURCESAT-1)  
1 28051U 03046A   23296.19114821  .00000366  00000+0  14206-3 0  9998
2 28051  98.3452 356.9922 0058277 351.8318  82.2593 14.34463317 41654
SAUDISAT 2              
1 28371U 04025F   23296.15715314  .00000816  00000+0  19936-3 0  9996
2 28371  98.4505 261.0532 0026082  32.8450 327.4361 14.55103566 24922
COSMOS 2407             
1 28380U 04028A   23296.13928999  .00000114  00000+0  10082-3 0  9996
2 28380  82.9595  71.6632 0040546  80.2589  92.4104 13.76173739966915
COSMOS 2414             
1 28521U 05002A   23295.86001689  .00000143  00000+0  10704-3 0  9996
2 28521  82.9510  55.9393 0039654 208.6206 151.2781 13.87728652949534
HAMSAT (VO-52)          
1 28650U 05017B   23296.21751447  .00006213  00000+0  57640-3 0  9993
2 28650  97.9637 273.2130 0022053  34.4570 325.8074 14.94616008  1477
NOAA 18                 
1 28654U 05018A   23296.16380781  .00000300  00000+0  18454-3 0  9992
2 28654  98.8994   9.8752 0014445  21.8320 338.3465 14.13036485949648
SJ-7                    
1 28737U 05024A   23295.93062216  .00006259  00000+0  47853-3 0  9999
2 28737  97.7713 295.4330 0026303 104.1054 256.3096 15.02013996  1769
CUBESAT XI-V            
1 28895U 05043F   23295.91743747  .00002755  00000+0  50771-3 0  9998
2 28895  98.1712  67.1736 0016676  33.2255 326.9992 14.66261066959751
CLOUDSAT                
1 29107U 06016A   23295.89333656  .00000819  00000+0  16418-3 0  9996
2 29107  98.3909 267.9518 0002576 175.8492 184.2732 14.64434100931066
CALIPSO                 
1 29108U 06016B   23295.88697424  .00002543  00000+0  48812-3 0  9991
2 29108  98.3915 267.4570 0001458  82.8757 277.2611 14.64611235931050
HINODE (SOLAR-B)        
1 29479U 06041A   23295.94874588  .00001169  00000+0  22276-3 0  9994
2 29479  98.1032 309.5963 0019452 111.9370 248.3903 14.65767020912878
METOP-A                 
1 29499U 06044A   23295.94722517  .00002758  00000+0  36284-3 0  9992
2 29499  98.3861 359.9064 0191232 260.6212 218.6546 14.69155261882935
SHIJIAN-6 02B (SJ-6 02B)
1 29506U 06046B   23296.16549325  .00002689  00000+0  24522-3 0  9997
2 29506  97.7641 318.2783 0003049  50.1515 309.9974 14.95951693925732
DMSP 5D-3 F17 (USA 191) 
1 29522U 06050A   23296.21400076  .00000285  00000+0  17164-3 0  9999
2 29522  98.7531 306.6630 0009003 301.4785  58.5508 14.14318039875554
LAPAN-TUBSAT            
1 29709U 07001A   23296.21296431  .00001195  00000+0  15218-3 0  9990
2 29709  98.0373 264.3460 0014126  93.9297 266.3531 14.83380726907539
CARTOSAT-2 (IRS-P7)     
1 29710U 07001B   23296.17788143  .00083701  00000+0  66162-3 0  9990
2 29710  97.9021  87.5173 0069302  91.7924 269.1275 15.67860550912245
HAIYANG-1B              
1 31113U 07010A   23295.93835382  .00000189  00000+0  88334-4 0  9996
2 31113  98.2972 303.9040 0013487 187.7970 172.3006 14.30486782862175
CAPE-1                  
1 31130U 07012P   23295.82279890  .00002119  00000+0  43684-3 0  9994
2 31130  98.3197 239.9686 0091469 206.0759 153.5818 14.58942011876836
AGILE                   
1 31135U 07013A   23294.45821929  .00101216  00000+0  89844-3 0  9990
2 31135   2.4675 263.2372 0004085   6.1993 353.8112 15.66485697553158
AIM                     
1 31304U 07015A   23295.81976028  .00036568  00000+0  10150-2 0  9992
2 31304  97.8794 244.7367 0006270  97.2766 262.9189 15.36801017906231
CBERS 2B                
1 32062U 07042A   23296.11423417  .00000623  00000+0  20882-3 0  9994
2 32062  98.2680 249.2535 0031930  13.8766 356.7183 14.40278352845337
COSMO-SKYMED 2          
1 32376U 07059A   23296.12769033  .00000940  00000+0  12466-3 0  9999
2 32376  97.8877 117.7619 0001373  85.8005 274.3365 14.82146815858686
CARTOSAT-2A             
1 32783U 08021A   23296.18651614  .00001444  00000+0  20385-3 0  9991
2 32783  97.9014 354.4764 0012859  17.2219 342.9426 14.78662527835830
CUTE-1.7+APD II (CO-65) 
1 32785U 08021C   23295.75197424  .00004889  00000+0  46842-3 0  9991
2 32785  97.7227 259.1765 0013207  46.0011 314.2295 14.93542814839851
COMPASS-1               
1 32787U 08021E   23295.92121592  .00013310  00000+0  96295-3 0  9991
2 32787  97.5991 269.7365 0009319 305.7772  54.2587 15.04105864841839
AAUSAT-II               
1 32788U 08021F   23296.17535765  .00014265  00000+0  94755-3 0  9990
2 32788  97.5746 273.1000 0004542 282.6764  77.3956 15.07305678842464
DELFI-C3 (DO-64)        
1 32789U 08021G   23295.82928392  .00411095  00000+0  31454-2 0  9992
2 32789  97.2827 318.5103 0003572  92.0645 268.1027 15.70923581847231
SEEDS II (CO-66)        
1 32791U 08021J   23295.89294070  .00008645  00000+0  72269-3 0  9994
2 32791  97.6723 264.7035 0011459 354.6947   5.4152 14.98690346840855
YUBILEINY (RS-30)       
1 32953U 08025A   23296.16998713  .00000039  00000+0  21102-3 0  9993
2 32953  82.5033 237.4803 0018229 266.6376  93.2619 12.43130953699555
FENGYUN 3A              
1 32958U 08026A   23296.12880573  .00000294  00000+0  16136-3 0  9993
2 32958  98.5712 245.5705 0009598  45.0079 315.1874 14.18943218798201
HUANJING 1A (HJ-1A)     
1 33320U 08041A   23296.13931092  .00002536  00000+0  35015-3 0  9996
2 33320  97.6410 310.0642 0022143  69.6524 290.7065 14.78794637815177
HUANJING 1B (HJ-1B)     
1 33321U 08041B   23296.15039660  .00001566  00000+0  21384-3 0  9995
2 33321  97.6404 314.5205 0040365 112.6964 247.8523 14.79377666815170
SHIJIAN-6 03A (SJ-6 03A)
1 33408U 08053A   23295.94834096  .00006553  00000+0  52811-3 0  9996
2 33408  97.8986 288.4278 0018885  64.0441 296.2725 15.00125636816956
SHIJIAN-6 03B (SJ-6 03B)
1 33409U 08053B   23294.64342078  .00002482  00000+0  21870-3 0  9995
2 33409  97.8741 285.2739 0016964  42.1211  92.5505 14.97293939817299
CHUANGXIN 1-02 (CX-1-02)
1 33434U 08056B   23296.16278904  .00000173  00000+0  84797-4 0  9994
2 33434  98.6912 311.9564 0015467  99.4134 260.8797 14.29695569780668
PRISM (HITOMI)          
1 33493U 09002B   23295.85738456  .00014046  00000+0  87086-3 0  9996
2 33493  98.2403 319.5857 0014225 344.7188  15.3607 15.09790944802984
STARS (KUKAI)           
1 33498U 09002G   23295.71335452  .00003648  00000+0  45534-3 0  9993
2 33498  98.1232 200.6216 0011795  98.8878 261.3671 14.82987670794303
KKS-1 (KISEKI)          
1 33499U 09002H   23296.20715232  .00002171  00000+0  31140-3 0  9995
2 33499  98.1549 190.0787 0008765 167.0258 193.1179 14.77554105793394
NOAA 19                 
1 33591U 09005A   23296.15370560  .00000272  00000+0  17077-3 0  9999
2 33591  99.0848 344.0392 0013048 240.7461 119.2406 14.12848237758010
YAOGAN 6                
1 34839U 09021A   23296.18926936  .00015437  00000+0  39982-3 0  9998
2 34839  97.1425 262.7471 0020105 332.7695  27.2495 15.38922711806753
UK-DMC 2                
1 35683U 09041C   23296.15920425  .00001532  00000+0  24862-3 0  9994
2 35683  97.7502  89.2495 0001581  95.8969 264.2420 14.72495675763977
METEOR-M 1              
1 35865U 09049A   23296.13988672  .00000268  00000+0  13934-3 0  9993
2 35865  98.5985 257.6699 0001425 210.1537 149.9559 14.22568716731722
OCEANSAT-2              
1 35931U 09051A   23296.20054470  .00000271  00000+0  21206-3 0  9993
2 35931  98.3017   2.5845 0017794  86.3789 273.9412 13.99403771743932
SWISSCUBE               
1 35932U 09051B   23295.91514194  .00001902  00000+0  42342-3 0  9991
2 35932  98.4998 169.1983 0007219 343.3647  16.7313 14.58110954747824
BEESAT-1                
1 35933U 09051C   23295.88695447  .00001646  00000+0  36901-3 0  9998
2 35933  98.4924 170.3631 0005745 358.7502   1.3681 14.57970253747890
ITUPSAT1                
1 35935U 09051E   23295.59937366  .00001328  00000+0  30612-3 0  9997
2 35935  98.5024 169.9657 0008118   1.4641 358.6579 14.56990550747513
DMSP 5D-3 F18 (USA 210) 
1 35951U 09057A   23296.22532715  .00000369  00000+0  21747-3 0  9994
2 35951  98.7844 270.2168 0012015 120.4076 239.8285 14.13886992722739
PROBA-2                 
1 36037U 09059B   23295.93514355  .00000525  00000+0  13609-3 0  9991
2 36037  98.2274 118.4959 0014079  34.3380 325.8724 14.53650978740798
YAOGAN 7                
1 36110U 09069A   23296.19191996  .00000958  00000+0  14718-3 0  9997
2 36110  98.1358 165.8599 0024345 271.6281  88.2139 14.75736750746783
XIWANG-1 (HOPE-1)       
1 36122U 09072B   23295.84563929  .00000021  00000+0  16803-3 0  9992
2 36122 100.2572 255.7806 0006905 292.7662  67.2722 13.16389307665699
COSMOS 2463             
1 36519U 10017A   23296.15552741  .00000103  00000+0  97163-4 0  9998
2 36519  82.9606 240.8831 0034938 297.3731  73.5192 13.71525755675323
CARTOSAT-2B             
1 36795U 10035A   23296.15612807  .00001453  00000+0  20493-3 0  9994
2 36795  97.8957 354.2541 0014204  89.0410 271.2429 14.78672150716871
AISSAT 1                
1 36797U 10035C   23296.12430742  .00003635  00000+0  38792-3 0  9994
2 36797  98.2129 143.7191 0010866  12.4701 347.6782 14.89456211719844
TISAT 1                 
1 36799U 10035E   23295.61166986  .00007472  00000+0  63821-3 0  9999
2 36799  98.1156 170.2298 0008374 275.4129  84.6137 14.97955708721292
YAOGAN 10               
1 36834U 10038A   23296.21051088  .00001147  00000+0  15068-3 0  9998
2 36834  97.9633 309.6432 0001497  80.6492  10.1343 14.82182694713749
SHIJIAN-6 04B (SJ-6 04B)
1 37180U 10051B   23296.18723225  .00002290  00000+0  21370-3 0  9996
2 37180  97.8195 280.8077 0010061 310.0626  49.9711 14.95177947710832
FENGYUN 3B              
1 37214U 10059A   23296.17905638  .00000180  00000+0  11808-3 0  9992
2 37214  99.0793 315.6898 0022905  46.9011  40.5651 14.14393190670600
COSMO-SKYMED 4          
1 37216U 10060A   23296.14033500  .00000929  00000+0  12323-3 0  9997
2 37216  97.8877 117.7740 0001339  84.7893 275.3473 14.82153067701230
RESOURCESAT-2           
1 37387U 11015A   23296.21107776  .00000258  00000+0  13708-3 0  9995
2 37387  98.6093   3.2223 0005340  87.2121 272.9668 14.21675728649170
YOUTHSAT                
1 37388U 11015B   23295.95456566  .00000380  00000+0  18062-3 0  9994
2 37388  98.2997 303.5223 0013725 309.4902 109.7654 14.24686965649729
APRIZESAT 6             
1 37793U 11044F   23295.93384299  .00001471  00000+0  23022-3 0  9991
2 37793  98.3318 168.1479 0044666 295.0038  76.9445 14.73727379654372
JUGNU                   
1 37839U 11058B   23296.09854561  .00000673  00000+0  21462-3 0  9998
2 37839  19.9612  66.8212 0018698 189.6712 328.5554 14.13038949622005
SRMSAT                  
1 37841U 11058D   23295.93744021  .00000562  00000+0  16329-3 0  9995
2 37841  19.9707 157.5975 0011805 355.9783  32.1206 14.10968089621090
SUOMI NPP               
1 37849U 11061A   23296.18468208  .00000201  00000+0  11594-3 0  9994
2 37849  98.7140 232.7677 0000747 104.9699  33.7775 14.19540099621094
M-CUBED & EXP-1 PRIME   
1 37855U 11061F   23295.89608147  .00041431  00000+0  10312-2 0  9992
2 37855 101.7059 330.5437 0100826   6.9470 353.3128 15.35000451656096
YAOGAN 12               
1 37875U 11066B   23296.20504770  .00011570  00000+0  48740-3 0  9990
2 37875  97.2567 359.0237 0006902  75.8378 284.3625 15.23474741665186
ZIYUAN 3-1 (ZY 3-1)     
1 38046U 12001A   23296.19292722  .00012184  00000+0  48041-3 0  9996
2 38046  97.2821 359.0110 0002956 207.4819 152.6264 15.25708851654580
ARIRANG-3 (KOMPSAT-3)   
1 38338U 12025B   23296.11980901  .00001123  00000+0  23235-3 0  9990
2 38338  98.2319 237.6612 0008978 264.2323  95.7855 14.62226182609941
HORYU-2                 
1 38340U 12025D   23295.79256304  .00003692  00000+0  50060-3 0  9998
2 38340  98.1679  26.4434 0011741  88.3030 271.9526 14.79490512604957
METOP-B                 
1 38771U 12049A   23296.20400598  .00000217  00000+0  11918-3 0  9994
2 38771  98.6636 353.3453 0001101  90.4773 337.4270 14.21517280575739
SJ-9A                   
1 38860U 12056A   23296.11751051  .00001487  00000+0  19648-3 0  9992
2 38860  97.5843 296.4273 0027653 195.7354 164.3003 14.81151062595277
COSMOS 2484             
1 39059U 13001C   23296.18995228  .00000052  00000+0  30598-3 0  9991
2 39059  82.4968 103.7774 0026135 346.7263  13.3126 12.42884938488513
SARAL                   
1 39086U 13009A   23295.87376566  .00000229  00000+0  10091-3 0  9994
2 39086  98.5484 119.3351 0000805 270.1016  90.0076 14.32281820556963
AAUSAT 3                
1 39087U 13009B   23296.05684794  .00001283  00000+0  44630-3 0  9998
2 39087  98.3757 127.8270 0011181 233.6142 126.4015 14.37068472558298
STRAND-1                
1 39090U 13009E   23295.82261216  .00000558  00000+0  20788-3 0  9998
2 39090  98.3841 125.6836 0007874 241.1005 118.9392 14.35739380558033
BRITE-AUSTRIA           
1 39091U 13009F   23295.76345848  .00000342  00000+0  13347-3 0  9990
2 39091  98.3875 124.8717 0009281 249.1855 110.8338 14.35580860558055
UNIBRITE                
1 39092U 13009G   23295.75938732  .00000356  00000+0  13859-3 0  9993
2 39092  98.3913 124.7337 0008213 244.0135 116.0205 14.35454357558002
AIST-2 (RS-43)          
1 39133U 13015D   23296.12500074  .00004709  00000+0  29813-3 0  9995
2 39133  64.8716 143.5062 0020337 226.1962 133.7479 15.10018588577388
BEESAT-3                
1 39135U 13015F   23296.13779267  .00171286  00000+0  18687-2 0  9991
2 39135  64.8497 262.8027 0011132 260.9967  98.9921 15.62510013582204
BEESAT-2                
1 39136U 13015G   23296.16650676  .00093297  00000+0  13475-2 0  9992
2 39136  64.8610 277.3705 0022134 267.7399  92.1211 15.55156547581942
GAOFEN-1                
1 39150U 13018A   23296.19089260  .00001379  00000+0  20486-3 0  9990
2 39150  98.0179   5.7261 0021606 137.2973 222.9921 14.76478212565445
NEE-01 PEGASO           
1 39151U 13018B   23295.96691332  .00003994  00000+0  48914-3 0  9995
2 39151  98.0187  46.4898 0016911  96.0770 264.2371 14.83659444566639
TURKSAT-3USAT           
1 39152U 13018C   23296.16707184  .00004127  00000+0  49125-3 0  9996
2 39152  97.8447  20.5021 0016585  65.2233 295.0705 14.84805936566864
CUBEBUG-1 (CAPITAN BETO)
1 39153U 13018D   23296.13532511  .00004844  00000+0  57442-3 0  9991
2 39153  98.0511  53.4287 0016486  89.4252 270.8852 14.84900023566854
PROBA-V                 
1 39159U 13021A   23296.02678381  .00000158  00000+0  87976-4 0  9995
2 39159  98.3160 310.7813 0005416  90.0352 270.1448 14.23165984543386
ESTCUBE 1               
1 39161U 13021C   23296.19748831  .00002679  00000+0  40600-3 0  9996
2 39161  97.8596   4.7955 0007831 279.1882  80.8441 14.74934403562032
ARIRANG-5 (KOMPSAT-5)   
1 39227U 13042A   23296.13666053  .00003659  00000+0  26539-3 0  9995
2 39227  97.6188 120.3760 0001295 143.5818 216.5497 15.04541881558368
GONETS-M 5              
1 39249U 13048A   23295.89284384  .00000040  00000+0  21719-3 0  9996
2 39249  82.4837 226.9708 0016135 160.4855 199.6846 12.42881697458592
GONETS-M 7              
1 39251U 13048C   23296.18458816  .00000034  00000+0  17047-3 0  9997
2 39251  82.4903 229.1816 0016802 160.3599 199.8131 12.42889943458769
FENGYUN 3C              
1 39260U 13052A   23296.13405432  .00000198  00000+0  12090-3 0  9997
2 39260  98.4288 303.4410 0010035 296.9024  63.1125 14.16094685521636
APRIZESAT 7             
1 39416U 13066A   23295.85967263  .00002406  00000+0  27663-3 0  9994
2 39416  97.6372 258.7468 0039645 172.5213 187.6603 14.86133642537157
ZACUBE-1 (TSHEPISOSAT)  
1 39417U 13066B   23295.87679212  .00004913  00000+0  55159-3 0  9997
2 39417  97.7019 253.2578 0052154 225.8646 133.8275 14.86219861536156
APRIZESAT 8             
1 39425U 13066K   23295.85231492  .00001905  00000+0  23564-3 0  9991
2 39425  97.6952 251.4105 0048791 226.0969 133.6212 14.83083104536176
CINEMA-3 (KHUSAT-2)     
1 39426U 13066L   23295.76969792  .00002356  00000+0  35298-3 0  9991
2 39426  97.8308 221.0171 0101497  97.2872 263.9886 14.72098326531645
TRITON-1                
1 39427U 13066M   23296.15250346  .00003217  00000+0  47662-3 0  9999
2 39427  97.8347 217.2478 0107762 126.7319 234.3844 14.71882939531366
DELFI-N3XT              
1 39428U 13066N   23296.05969263  .00006118  00000+0  85017-3 0  9993
2 39428  97.8320 216.4661 0108881 137.2154 223.7595 14.74149399531140
GOMX-1                  
1 39430U 13066Q   23296.16047434  .00003289  00000+0  56888-3 0  9995
2 39430  97.7595 179.7686 0142406 288.5893  69.9888 14.62550831528230
BRITE-PL1 (LEM)         
1 39431U 13066R   23295.74745115  .00001547  00000+0  33091-3 0  9996
2 39431  97.6835 110.1026 0199773 141.4533 220.1124 14.48286144523596
ICUBE-1                 
1 39432U 13066S   23296.21867684  .00007570  00000+0  65221-3 0  9998
2 39432  97.4960 281.6241 0029444  54.3904 306.0055 14.97263814539494
HUMSAT-D                
1 39433U 13066T   23295.93410470  .00012898  00000+0  98362-3 0  9995
2 39433  97.4803 289.6599 0022834  18.6799 341.5259 15.01942577538918
VELOX-PII               
1 39438U 13066Y   23295.83915589  .00004712  00000+0  57956-3 0  9990
2 39438  97.7564 245.0471 0063700 292.0219  67.4235 14.82029579534973
FIRST-MOVE              
1 39439U 13066Z   23295.61199905  .00007748  00000+0  74156-3 0  9996
2 39439  97.6958 257.8413 0052122 212.1438 147.6601 14.92438486535217
CUBEBUG-2 (LO-74)       
1 39440U 13066AA  23295.82322822  .00006257  00000+0  78613-3 0  9993
2 39440  97.7842 240.5590 0072952 333.3065  26.4400 14.80575494533039
NEE-02 KRYSAOR          
1 39441U 13066AB  23295.77878568  .00004068  00000+0  54062-3 0  9991
2 39441  97.7951 237.1015 0076866 351.6123   8.3798 14.78237304532693
FUNCUBE-1 (AO-73)       
1 39444U 13066AE  23296.15336467  .00006143  00000+0  65572-3 0  9998
2 39444  97.6874 256.2072 0050540 208.3740 151.4723 14.88225110535254
HINCUBE                 
1 39445U 13066AF  23295.87950805  .00005801  00000+0  62417-3 0  9990
2 39445  97.6890 255.6753 0050560 212.1889 147.6239 14.87928221534734
UWE-3                   
1 39446U 13066AG  23295.85636699  .00005506  00000+0  65715-3 0  9997
2 39446  97.7496 246.6917 0062107 281.8579  77.5675 14.83261496533935
FIREBIRD 1              
1 39463U 13072B   23295.99804414  .00300943  00000+0  31566-2 0  9999
2 39463 120.4250 288.2070 0074073 125.4481 235.3553 15.59646866225971
COSMOS 2488             
1 39483U 13076A   23295.89520128  .00000041  00000+0  22272-3 0  9992
2 39483  82.4863  52.1142 0019529  47.7233 312.5499 12.42873315445605
COSMOS 2489             
1 39484U 13076B   23295.86748227  .00000045  00000+0  25343-3 0  9998
2 39484  82.4898  53.2153 0021747  48.8396 311.4555 12.42891594445650
COSMOS 2490             
1 39485U 13076C   23296.16364237  .00000032  00000+0  16025-3 0  9991
2 39485  82.4848  51.5268 0021629  62.8487 297.4795 12.42880004445844
AIST-1 (RS-41)          
1 39492U 13078C   23296.10686681  .00002242  00000+0  22834-3 0  9995
2 39492  82.4153 124.6755 0017485 272.3506  87.5711 14.90213622533091
KAZEOSAT 1              
1 39731U 14024A   23296.21453985  .00000405  00000+0  13663-3 0  9993
2 39731  98.4196  11.2766 0001118  87.3220 272.8097 14.42000405499106
COSMOS 2496             
1 39761U 14028A   23296.20309521  .00000032  00000+0  15879-3 0  9992
2 39761  82.4496 355.0515 0019873  32.7090 327.5215 12.42882111427338
COSMOS 2497             
1 39762U 14028B   23295.93320438  .00000025  00000+0  10673-3 0  9991
2 39762  82.4545 356.5233 0020475  26.7014 333.5115 12.42895081427231
COSMOS 2498             
1 39763U 14028C   23295.89158141  .00000024  00000+0  10277-3 0  9996
2 39763  82.4507 355.4338 0020982  27.1186 333.0985 12.42926677427250
COSMOS 2499 (RS-47)     
1 39765U 14028E   23296.20286110  .00000023  00000+0  37606-4 0  9997
2 39765  82.4529 185.5814 0232303 114.0793 248.4802 12.82863910441122
SPROUT                  
1 39770U 14029E   23296.12269873  .00039305  00000+0  24358-2 0  9995
2 39770  97.9987  67.8667 0006532 251.7014 108.3503 15.09621988511403
HODOYOSHI-4             
1 40011U 14033B   23296.16699748  .00002094  00000+0  26175-3 0  9997
2 40011  97.6069 152.4093 0024282 262.7404  97.1050 14.83146368505075
UNISAT-6                
1 40012U 14033C   23295.81379540  .00003560  00000+0  49207-3 0  9994
2 40012  97.6823 103.7295 0054915   2.8980 357.2539 14.77648672502612
DEIMOS-2                
1 40013U 14033D   23296.14555702  .00002584  00000+0  29208-3 0  9992
2 40013  97.7048 184.8195 0001084  47.7863 312.3445 14.87319893506364
BUGSAT-1 (TITA)         
1 40014U 14033E   23295.89622525  .00006473  00000+0  50783-3 0  9995
2 40014  98.1465 320.6780 0034209 206.6335 153.3132 15.00860665509866
SAUDISAT 4              
1 40016U 14033G   23295.89892502  .00001183  00000+0  17407-3 0  9990
2 40016  97.6480 108.9270 0047012 344.6470  15.3311 14.76458628503032
APRIZESAT 9             
1 40018U 14033J   23296.20164095  .00001201  00000+0  19506-3 0  9990
2 40018  97.7713  87.1194 0071127  71.7130 289.1800 14.71228478501206
BRITE-CA1 (TORONTO)     
1 40020U 14033L   23295.94442096  .00002378  00000+0  39674-3 0  9997
2 40020  97.8447  77.1543 0085609 132.0516 228.8015 14.68429595500004
DUCHIFAT-1              
1 40021U 14033M   23295.91625838  .00011522  00000+0  91881-3 0  9991
2 40021  98.0701 264.2691 0011114 180.4666 179.6548 15.00444816508324
NANOSATC-BR1            
1 40024U 14033Q   23295.87054628  .00008795  00000+0  74942-3 0  9999
2 40024  98.0429 254.4536 0009153 210.7225 149.3461 14.97980597507515
QB50P1                  
1 40025U 14033R   23296.14098229  .00008137  00000+0  73921-3 0  9992
2 40025  98.0095 245.3874 0009334 221.5850 138.4661 14.95497838507761
DTUSAT-2                
1 40030U 14033W   23295.82772524  .00006568  00000+0  61205-3 0  9997
2 40030  97.9772 238.1738 0009085 222.0126 138.0397 14.94571334507564
FLOCK 1C-4              
1 40031U 14033X   23295.85066209  .00016246  00000+0  13311-2 0  9995
2 40031  98.0567 257.5127 0009472 201.7433 158.3388 14.99327052507916
QB50P2                  
1 40032U 14033Y   23295.80262034  .00006363  00000+0  59283-3 0  9993
2 40032  97.9777 238.1644 0008747 220.8895 139.1670 14.94594305507020
PERSEUS-M1              
1 40039U 14033AF  23295.76282484  .00002460  00000+0  26913-3 0  9994
2 40039  97.8932 217.9012 0011808 259.7405 100.2480 14.88710870506198
POLYITAN-1              
1 40042U 14033AJ  23295.85318997  .00008902  00000+0  78063-3 0  9997
2 40042  98.0212 247.3792 0011126 215.8330 144.2146 14.96841044507129
TIGRISAT                
1 40043U 14033AK  23296.03878277  .00002838  00000+0  39732-3 0  9993
2 40043  97.6741 104.7330 0057139 359.7503   0.3669 14.77186693502588
AISAT                   
1 40054U 14034B   23295.81668188  .00005682  00000+0  67326-3 0  9999
2 40054  98.3593 134.1082 0010681 168.2907 191.8556 14.84935231502394
CANX-4                  
1 40055U 14034C   23296.08257364  .00002180  00000+0  31698-3 0  9993
2 40055  98.3954 116.0883 0012795 227.3821 132.6309 14.76994953501423
CANX-5                  
1 40056U 14034D   23295.75026257  .00001895  00000+0  27647-3 0  9993
2 40056  98.3956 115.7347 0012745 228.6512 131.3602 14.76998152492159
VELOX-I                 
1 40057U 14034E   23296.17614180  .00005296  00000+0  65645-3 0  9998
2 40057  98.3636 135.0735 0009255 184.3503 175.7630 14.83105905502396
GONETS-M 10             
1 40063U 14036C   23296.20380287  .00000042  00000+0  22905-3 0  9995
2 40063  82.5144 188.8566 0022359  92.4242 267.9398 12.42902826422205
METEOR-M 2              
1 40069U 14037A   23296.22873639  .00000183  00000+0  10405-3 0  9990
2 40069  98.4288 296.2849 0005304 341.9179  18.1810 14.20830246481839
DX1                     
1 40071U 14037C   23296.16628079  .00002174  00000+0  27117-3 0  9992
2 40071  98.3427 192.9440 0008255 162.2415 197.9088 14.83514960502333
UKUBE-1                 
1 40074U 14037F   23296.07047021  .00006661  00000+0  70017-3 0  9999
2 40074  98.3349 207.3151 0005308 116.8584 243.3175 14.89795384503282
GAOFEN-2                
1 40118U 14049A   23296.14105465  .00001838  00000+0  24582-3 0  9993
2 40118  97.6988 351.8444 0005536 137.4479 222.7164 14.80636132496003
BRITE-PL2 (HEWELIUSZ)   
1 40119U 14049B   23295.83648337  .00003192  00000+0  35927-3 0  9999
2 40119  97.8827  31.9595 0017674  70.3846 289.9276 14.87267772497131
HODOYOSHI-1             
1 40299U 14070B   23296.11508437  .00018351  00000+0  50253-3 0  9992
2 40299  97.1786 355.6287 0009910 170.4421 189.7015 15.37325097498439
CBERS 4                 
1 40336U 14079A   23296.15176944  .00000244  00000+0  99789-4 0  9991
2 40336  98.4311   5.3266 0000946  64.3393 295.7891 14.35454264465096
SMAP                    
1 40376U 15003A   23295.94199900  .00001020  00000+0  20666-3 0  9996
2 40376  98.1305 300.7124 0001580  91.2253 268.9130 14.63338237466017
GRIFEX                  
1 40379U 15003D   23295.86536570  .00079418  00000+0  10597-2 0  9995
2 40379  99.0843 264.8338 0059768 182.6565 177.4375 15.55670666483129
CP10 (EXOCUBE)          
1 40380U 15003E   23296.13311857  .00042746  00000+0  91364-3 0  9993
2 40380  99.0906 252.4653 0079407 225.2520 134.2242 15.41340051482378
GONETS-M 11             
1 40552U 15020A   23295.94543537  .00000063  00000+0  38216-3 0  9996
2 40552  82.4812 274.2376 0015727 320.0817  39.9106 12.42887106388452
GONETS-M 12             
1 40553U 15020B   23295.91761927  .00000042  00000+0  22959-3 0  9993
2 40553  82.4846 275.1020 0013910 304.2090  55.7671 12.42868794388449
GONETS-M 13             
1 40554U 15020C   23295.89281219  .00000045  00000+0  25415-3 0  9995
2 40554  82.4807 274.0470 0012325 288.9170  71.0574 12.42898048388415
DMC3-FM1                
1 40715U 15032A   23296.17826583  .00001266  00000+0  16205-3 0  9991
2 40715  97.7788 176.6836 0005960   6.4388 353.6901 14.83022778446295
DMC3-FM2                
1 40716U 15032B   23296.20066621  .00001286  00000+0  16465-3 0  9995
2 40716  97.7836 177.6238 0007875   6.1780 353.9530 14.82988605446297
DMC3-FM3                
1 40717U 15032C   23296.15609918  .00001251  00000+0  16005-3 0  9994
2 40717  97.7880 178.7227 0009314   2.4222 357.7035 14.83039757446295
CARBONITE 1 (CBNT-1)    
1 40718U 15032D   23296.13548366  .00002493  00000+0  35883-3 0  9996
2 40718  97.6763 142.7859 0015011 214.7109 145.3123 14.77141669446108
DEORBITSAIL             
1 40719U 15032E   23295.88224107  .00006428  00000+0  79628-3 0  9999
2 40719  97.7143 162.2799 0013441 194.8532 165.2289 14.82966274446731
2015-049A               
1 40899U 15049A   23296.12694526  .00015152  00000+0  52696-3 0  9990
2 40899  97.4810 304.0601 0013198  81.0407 279.2326 15.29728656448139
KAITUO 1A               
1 40904U 15049F   23296.13644778  .00020521  00000+0  68107-3 0  9992
2 40904  97.4993 302.8824 0012699  86.4766 273.7927 15.31187943447858
2015-049G               
1 40905U 15049G   23296.17490779  .00009139  00000+0  38952-3 0  9994
2 40905  97.5280 298.8097 0015078  96.7965 263.4987 15.23075915447425
XW-2C                   
1 40906U 15049H   23296.10351648  .00019518  00000+0  66416-3 0  9997
2 40906  97.4946 303.9940 0012940  74.9317 285.3354 15.30387458447936
XW-2D                   
1 40907U 15049J   23296.12319055  .00022451  00000+0  69837-3 0  9996
2 40907  97.4917 304.9650 0011762  68.8075 291.4422 15.33259108448059
LILACSAT-2              
1 40908U 15049K   23296.15281292  .00008207  00000+0  36561-3 0  9992
2 40908  97.5295 299.0289 0015488 102.4162 257.8808 15.21597223447247
XW-2E                   
1 40909U 15049L   23296.00152965  .00065055  00000+0  11679-2 0  9997
2 40909  97.4455 312.8317 0007526  42.7191 317.4644 15.49647416448852
XW-2F                   
1 40910U 15049M   23296.12364200  .00055937  00000+0  10353-2 0  9995
2 40910  97.4556 312.2181 0008245  43.6925 316.4976 15.48808055448600
XW-2B                   
1 40911U 15049N   23296.14063171  .00021259  00000+0  66783-3 0  9990
2 40911  97.4893 305.3322 0011844  70.2726 289.9793 15.32955172447931
KAITUO 1B               
1 40912U 15049P   23296.12764319  .00098267  00000+0  11929-2 0  9995
2 40912  97.4042 317.6100 0004119 355.3926   4.7292 15.60266172449434
COSMOS 2507             
1 40920U 15050A   23296.18752912  .00000022  00000+0  84980-4 0  9999
2 40920  82.4910 322.2929 0008166 303.7941  56.2360 12.42876847366633
COSMOS 2508             
1 40921U 15050B   23295.89268335  .00000036  00000+0  18812-3 0  9993
2 40921  82.4860 321.3497 0013283 340.3013  19.7551 12.42886194366554
COSMOS 2509             
1 40922U 15050C   23295.91898262  .00000023  00000+0  94710-4 0  9993
2 40922  82.4862 321.4133 0015678 353.8559   6.2326 12.42886584366597
LAPAN-A2                
1 40931U 15052B   23296.22581937  .00001521  00000+0  11994-3 0  9994
2 40931   6.0000 252.4402 0013508 307.6116  52.2786 14.77429695436316
LQSAT                   
1 40958U 15057A   23296.13733650  .00000980  00000+0  15534-3 0  9991
2 40958  97.6916 323.6743 0018097 166.1487 194.0222 14.74163483432530
LINGQIAO VIDEO A        
1 40959U 15057B   23296.18947913  .00001138  00000+0  17812-3 0  9993
2 40959  97.6917 324.7963 0018019 165.8287 194.3432 14.74458383432617
LINGQIAO VIDEO B        
1 40960U 15057C   23296.16980273  .00001245  00000+0  19360-3 0  9998
2 40960  97.6939 325.8429 0018116 166.3217 193.8487 14.74558841432646
JILIN-1                 
1 40961U 15057D   23296.14712974  .00001373  00000+0  20983-3 0  9993
2 40961  97.6992 328.3221 0018214 163.8260 196.3535 14.75168714432732
TELEOS-1                
1 41169U 15077D   23296.01931223  .00016529  00000+0  66713-3 0  9992
2 41169  14.9796 152.2016 0007622 104.8302 255.2864 15.22024271434415
GALASSIA                
1 41170U 15077E   23295.43977624  .00117514  00000+0  13166-2 0  9993
2 41170  14.9869 330.6717 0006658 136.3533 223.7322 15.60769667435802
VELOX-II                
1 41171U 15077F   23296.07816198  .00038276  00000+0  10760-2 0  9997
2 41171  14.9904  92.8366 0003727 206.9195 153.0936 15.34488034434882
DAMPE                   
1 41173U 15078A   23296.12678051  .00002095  00000+0  84100-4 0  9991
2 41173  97.4164 286.0882 0011332 262.3539  97.6413 15.26047497436663
ORBCOMM FM114           
1 41179U 15081A   23296.19355308  .00001279  00000+0  32535-3 0  9992
2 41179  47.0030 249.6867 0001014  76.2092 283.8906 14.56004886416584
ORBCOMM FM110           
1 41182U 15081D   23295.62157041  .00001431  00000+0  35955-3 0  9996
2 41182  47.0018 251.8044 0002637 292.3242  67.7363 14.56008512416324
ORBCOMM FM112           
1 41184U 15081F   23295.93296053  .00001267  00000+0  32267-3 0  9999
2 41184  46.9981 159.3617 0001222 154.7048 205.3897 14.56020362417741
ORBCOMM FM113           
1 41185U 15081G   23295.90912300  .00001300  00000+0  33022-3 0  9995
2 41185  47.0000 159.6961 0001004 182.6406 177.4473 14.56008169417679
ORBCOMM FM108           
1 41187U 15081J   23296.06882371  .00001312  00000+0  33277-3 0  9994
2 41187  47.0048  70.0727 0001657  78.6966 281.4105 14.56017537418924