ETV-A1                  
1 51060U 22002CE  23296.09735765  .00007207  00000+0  36294-3 0  9994
2 51060  97.4263 358.3367 0009237 165.2780 194.8724 15.17449803 97979
BRO-5                   
1 51061U 22002CF  23296.13454807  .00007313  00000+0  35903-3 0  9999
2 51061  97.4306 359.2900 0009215 167.3537 192.7930 15.18337722 98020
TEVEL-7                 
1 51062U 22002CG  23296.16743453  .00034355  00000+0  11138-2 0  9990
2 51062  97.4196   2.7373 0007158 136.4446 223.7362 15.31887622 98301
TEVEL-4                 
1 51063U 22002CH  23296.17916657  .00033817  00000+0  10995-2 0  9992
2 51063  97.4195   2.7163 0007180 136.3926 223.7884 15.31799291 98308
TEVEL-2                 
1 51069U 22002CP  23296.14500104  .00036688  00000+0  11868-2 0  9990
2 51069  97.4182   2.6398 0007096 137.5674 222.6117 15.31945150 98302
DELFI-PQ                
1 51074U 22002CU  23296.20536754  .00125385  00000+0  18653-2 0  9995
2 51074  97.4415  11.4555 0005766 159.7802 200.3681 15.54691499 98747
VZLUSAT-2               
1 51085U 22002DF  23296.13712970  .00013254  00000+0  61136-3 0  9991
2 51085  97.4237 358.8568 0012736 161.3402 198.8303 15.20296504 98027
L-SAR 01A               
1 51284U 22007A   23295.77778174  .00002190  00000+0  24220-3 0  9994
2 51284  97.8105 301.0972 0001637  91.8811 268.2594 14.88402878 94424
INSPIRESAT-1            
1 51657U 22013B   23295.93316838  .00007609  00000+0  35195-3 0  9991
2 51657  97.5464 306.9673 0008062 288.2150  71.8207 15.20411936 93309
INS-2TD                 
1 51658U 22013C   23296.01786338  .00024886  00000+0  92200-3 0  9994
2 51658  97.5440 309.1967 0005889 281.5457  78.5120 15.27615816 93460
L-SAR 01B               
1 51822U 22018A   23296.21465170  .00001310  00000+0  14720-3 0  9990
2 51822  97.8110 301.4905 0001438  92.8747 267.2634 14.88405394 89723
2022-019D               
1 51827U 22019D   23296.15836974  .00010503  00000+0  54304-3 0  9999
2 51827  97.4625   6.4749 0014144 354.9358   5.1730 15.16360301 91113
2022-019G               
1 51830U 22019G   23296.14459323  .00032066  00000+0  12346-2 0  9998
2 51830  97.4581   9.2584 0011971 347.7451  12.3494 15.26234988 91316
JILIN-1 GAOFEN 03D14    
1 51831U 22019H   23296.19317570  .00012346  00000+0  58951-3 0  9993
2 51831  97.4622   7.6171 0017369 351.2686   8.8244 15.19055496 91190
2022-019J               
1 51832U 22019J   23296.12161980  .00003028  00000+0  17536-3 0  9990
2 51832  97.4624   5.4121 0009890   9.1545 350.9864 15.12934855 91048
JILIN-1 GAOFEN 03D16    
1 51834U 22019L   23296.18801431  .00012571  00000+0  60092-3 0  9998
2 51834  97.4625   7.6515 0014645   2.8056 357.3258 15.19052999 91194
JILIN-1 GAOFEN 03D11    
1 51835U 22019M   23296.18385168  .00011773  00000+0  56427-3 0  9993
2 51835  97.4626   7.6569 0015251 355.5276   4.5820 15.18968499 91197
JILIN-1 GAOFEN 03D17    
1 51838U 22019Q   23296.14454698  .00014314  00000+0  67858-3 0  9991
2 51838  97.4620   7.8008 0012565 359.9870   0.1362 15.19334673 91204
JILIN-1 GAOFEN 03D15    
1 51839U 22019R   23295.77279806  .00010068  00000+0  48385-3 0  9992
2 51839  97.4605   7.1452 0009872 352.3026   7.8055 15.18976078 91136
JILIN-1 GAOFEN 03D10    
1 51840U 22019S   23296.15154825  .00013386  00000+0  64010-3 0  9999
2 51840  97.4620   7.6522 0012708 350.9541   9.1463 15.19047879 91199
JILIN-1 GAOFEN 03D12    
1 51841U 22019T   23296.14575012  .00014345  00000+0  68643-3 0  9996
2 51841  97.4610   7.5850 0012970 350.1589   9.9389 15.19004553 91194
JILIN-1 GAOFEN 03D18    
1 51844U 22019W   23296.20134479  .00012445  00000+0  59583-3 0  9996
2 51844  97.4602   7.4589 0018960 354.5411   5.5614 15.18936306 91094
2022-023F               
1 51951U 22023F   23296.07738267  .00031600  00000+0  14352-2 0  9998
2 51951  63.4762 321.4566 0072378 344.7425  15.1504 15.18289607 90725
NOOR-2                  
1 51954U 22024A   23296.18697719  .00048599  00000+0  10623-2 0  9992
2 51954  58.2774 252.3382 0020736  63.2476 297.0712 15.43588500 90804
ORESAT0                 
1 52017U 22026K   23295.99156251  .00029418  00000+0  98561-3 0  9991
2 52017  97.5114 299.2517 0019109   2.3045 357.8280 15.30708260 89050
OMNI-L1                 
1 52157U 22033A   23296.21357839  .00001545  00000+0  20425-3 0  9990
2 52157  97.9133  17.1512 0012426 201.8558 158.2126 14.81365918 84222
ENMAP                   
1 52159U 22033C   23295.89683903  .00001111  00000+0  17313-3 0  9990
2 52159  97.9798  16.0525 0002016 240.9086 119.1921 14.74889844 83923
ALFACRUX                
1 52160U 22033D   23296.18626993  .00058402  00000+0  11611-2 0  9990
2 52160  97.3450  18.7456 0005353  80.4293 279.7561 15.46749725 87032
ARCSAT-1                
1 52161U 22033E   23296.19598658  .00006379  00000+0  23256-3 0  9993
2 52161  97.3474  13.8822 0009828  90.1608 270.0758 15.28474229 86711
ION SCV-005             
1 52163U 22033G   23290.45716976  .00129915  00000+0  76988-3 0  9995
2 52163  97.3464  32.1479 0031604 103.4669 257.0122 15.76959385 87384
MP42                    
1 52169U 22033N   23295.74129158  .00019604  00000+0  55314-3 0  9991
2 52169  97.3463  16.2324 0009472  72.2188 288.0089 15.36387551 86839
SHAKUNTALA              
1 52173U 22033S   23296.21805289  .00118171  00000+0  14407-2 0  9991
2 52173  97.3503  22.7301 0004456  22.1026 338.0423 15.60082335 87285
BRO-7                   
1 52174U 22033T   23296.17583626  .00013631  00000+0  44425-3 0  9994
2 52174  97.3474  15.7952 0012118  64.8495 295.4002 15.31865979 86845
BDSAT                   
1 52175U 22033U   23296.21320286  .00071592  00000+0  12215-2 0  9992
2 52175  97.3451  20.6718 0006848  43.4148 316.7642 15.51069211 87167
SUCHAI-3                
1 52191U 22033AL  23296.21345426  .00044360  00000+0  10592-2 0  9992
2 52191  97.3552  17.9771 0007099  46.2704 313.9130 15.41370036 86948
SUCHAI-2                
1 52192U 22033AM  23295.72857788  .00020438  00000+0  56571-3 0  9995
2 52192  97.3341  15.7626 0007897  79.1754 281.0379 15.36990690 86854
GLOBAL-18               
1 52196U 22034B   23295.34601221  .00020328  00000+0  52247-3 0  9991
2 52196  52.9948 158.5100 0019221 114.6800 245.6207 15.39109429 87731
GLOBAL-20               
1 52197U 22034C   23294.92054665  .00024412  00000+0  61580-3 0  9997
2 52197  52.9939 160.1051 0017954  92.8093 267.4965 15.39587838 87678
GAOFEN-3 03             
1 52200U 22035A   23296.12849624  .00000158  00000+0  61267-4 0  9998
2 52200  98.4160 302.3725 0001066 112.4641 247.6661 14.42221221 81320
DAQI 1                  
1 52257U 22039A   23296.16316531  .00000820  00000+0  18923-3 0  9990
2 52257  98.1848 232.3059 0003405  15.9660 344.1646 14.57772119 80914
JILIN-1 GAOFEN 4A       
1 52388U 22046A   23296.16309991  .00012465  00000+0  69797-3 0  9998
2 52388  97.5181  20.4559 0018593 211.1348 148.8783 15.13421045 81677
JILIN-1 GAOFEN 3D05     
1 52390U 22046C   23296.18499460  .00013321  00000+0  69986-3 0  9996
2 52390  97.5120  21.6314 0002591  27.7796 332.3575 15.15818953 81774
JILIN-1 GAOFEN 3D07     
1 52392U 22046E   23296.17858626  .00012738  00000+0  66725-3 0  9999
2 52392  97.5185  22.2024 0002653 359.4468   0.6761 15.15933654 81781
TRSI-2                  
1 52420U 22047AC  23296.01817752  .00046347  00000+0  14068-2 0  9995
2 52420  97.4116  18.9944 0005897 257.4015 102.6568 15.33931751 83200
BRO-6                   
1 52422U 22047AE  23296.19640855  .00007687  00000+0  37842-3 0  9994
2 52422  97.4184  15.1907 0005843 280.0992  79.9583 15.18244575 82949
JILIN-1 GAOFEN 3D27     
1 52444U 22048B   23296.20067779  .00012474  00000+0  62669-3 0  9994
2 52444  97.6251   7.2782 0010639 223.2688 136.7710 15.17370283 81042
JILIN-1 GAOFEN 3D28     
1 52445U 22048C   23296.17930608  .00011862  00000+0  59560-3 0  9997
2 52445  97.6223   7.1297 0010329 223.4659 136.5761 15.17405714 81040
PTD-3 (TYVAK-0125)      
1 52734U 22057C   23295.90880236  .00031171  00000+0  76233-3 0  9990
2 52734  97.5453  58.2592 0006476 234.7191 125.3450 15.40725935 78474
OP15 FLT2 (TYVAK-0821)  
1 52735U 22057D   23296.05717866  .00034217  00000+0  12052-2 0  9998
2 52735  97.5489  53.6409 0005750 263.9570  96.1014 15.29210760 78180
LEMUR-2-KAREN B         
1 52736U 22057E   23295.86035815  .00108250  00000+0  21631-2 0  9996
2 52736  97.5467  56.6609 0005422 266.0444  94.0185 15.46394739 78388
PLANETUM1               
1 52738U 22057G   23295.86814512  .00024504  00000+0  98219-3 0  9993
2 52738  97.5486  52.2368 0005925 265.2721  94.7840 15.24998624 78083
CONNECTA T1.1           
1 52739U 22057H   23295.82973062  .00008654  00000+0  42171-3 0  9990
2 52739  97.5596  51.0979 0007485 273.3742  86.6635 15.18562494 77960
OP15 FLT1 (TYVAK-0820)  
1 52741U 22057K   23295.85285542  .00029890  00000+0  10831-2 0  9997
2 52741  97.5573  53.8437 0007306 265.2907  94.7498 15.28299547 78147
CENTAURI 5 (TYVAK-0212) 
1 52742U 22057L   23295.85653201  .00027240  00000+0  81559-3 0  9992
2 52742  97.5489  55.1369 0004385 242.7582 117.3214 15.34491878 78265
UMBRA-03                
1 52753U 22057X   23295.90675050  .00063610  00000+0  24532-2 0  9994
2 52753  97.5363  50.7185 0001422  69.1766 290.9624 15.26065504 77995
VIGORIDE-3              
1 52760U 22057AE  23295.86217362  .00004054  00000+0  21427-3 0  9993
2 52760  97.5576  50.5301 0009570 254.5737 105.4439 15.16025301 77946
ION SCV-006             
1 52761U 22057AF  23295.89803936  .00006543  00000+0  33200-3 0  9992
2 52761  97.5585  51.0140 0009947 253.5359 106.4781 15.17225311 77979
SHERPA-AC1              
1 52763U 22057AH  23295.33539422  .00006222  00000+0  31545-3 0  9993
2 52763  97.5595  50.5677 0010193 253.1678 106.8437 15.17272726 77891
PLATFORM-1              
1 52770U 22057AQ  23295.83805357  .00011929  00000+0  52469-3 0  9997
2 52770  97.5538  52.6969 0010256 232.3866 127.6439 15.21984115 78094
OMNI-L2                 
1 52771U 22057AR  23295.84230129  .00006054  00000+0  69346-3 0  9993
2 52771  97.5225  40.9848 0006945 250.9140 109.1325 14.86263405 77365
CPOD FLT1 (TYVAK-0032)  
1 52772U 22057AS  23296.05803658  .00046466  00000+0  13790-2 0  9993
2 52772  97.5478  55.6822 0009667 228.6836 131.3575 15.34616456 78311
FOSSASAT-2E12           
1 52773U 22057AT  23295.82188522  .00941173  37136-3  31566-2 0  9998
2 52773  97.5015  62.3797 0011908 277.6138  82.3782 15.90038555 78725
VEERY-FS1               
1 52777U 22057AX  23296.16495386  .00062250  00000+0  15912-2 0  9992
2 52777  97.5510  56.7832 0009674 234.3836 125.6508 15.39186271 78389
STEP CUBE LAB-II        
1 52897U 22065D   23296.20076318  .00001715  00000+0  37099-3 0  9999
2 52897  98.0888  77.5641 0009260 167.1521 192.9917 14.59461567 70108
RANDEV                  
1 52898U 22065E   23296.17211415  .00001861  00000+0  40076-3 0  9996
2 52898  98.0885  77.5930 0008496 168.8587 191.2803 14.59588830 69823
SNUGLITE-II             
1 52899U 22065F   23295.94220343  .00002197  00000+0  46968-3 0  9990
2 52899  98.0876  77.4013 0008037 169.4936 190.6434 14.59745022 69495
MIMAN                   
1 52900U 22065G   23295.93236022  .00001310  00000+0  28827-3 0  9993
2 52900  98.0901  77.1691 0008086 163.3408 196.8059 14.59053698 69107
SLINGSHOT 1             
1 52947U 22074D   23295.94366380  .00042096  00000+0  10172-2 0  9995
2 52947  44.9916  20.2797 0005213 333.2561  26.8057 15.40531209 73157
CTIM                    
1 52950U 22074G   23295.60378693  .00203285  00000+0  17992-2 0  9998
2 52950  44.9986 357.9446 0014504   8.7312 351.3836 15.67145955 73395
COSMOS 2558             
1 53323U 22089A   23296.23523452  .00025648  00000+0  77400-3 0  9990
2 53323  97.2478  33.1464 0006431 179.4902 180.6349 15.34239354 68758
2022-090A               
1 53346U 22090A   23296.21119995  .00007113  00000+0  32555-3 0  9997
2 53346  97.4252   9.0210 0004357 148.8752 211.2742 15.20806797 67667
2022-095A               
1 53367U 22095A   23296.10792824  .00063246  00000+0  11397-2 0  9990
2 53367  97.3631  14.4647 0046772 308.2081  51.4962 15.48338154 67405
2022-095B               
1 53368U 22095B   23296.11817086  .00055687  00000+0  10262-2 0  9990
2 53368  97.3624  14.5480 0048293 306.5347  53.1461 15.47654053 67401
2022-096B               
1 53371U 22096B   23296.10170747  .00028219  00000+0  75311-3 0  9998
2 53371  97.4020 201.9795 0003791  84.3938 275.7740 15.38082644 67265
2022-096C               
1 53372U 22096C   23296.10233652  .00027494  00000+0  74711-3 0  9991
2 53372  97.4015 201.8080 0003736  83.8113 276.3557 15.37529306 67234
CYCLOPS (RS29S)         
1 53373U 22096D   23296.13523598  .00073006  00000+0  12256-2 0  9991
2 53373  97.3985 204.7555 0004919  93.0813 267.1002 15.51532511 67436
MONITOR-1 (RS32S)       
1 53374U 22096E   23296.08480162  .00074779  00000+0  13445-2 0  9994
2 53374  97.3941 204.2735 0005316  87.7337 272.4523 15.49579220 67406
KUZBASS-300 (RS34S)     
1 53375U 22096F   23296.15425731  .00044271  00000+0  94560-3 0  9996
2 53375  97.3994 203.5233 0004436  81.4223 278.7528 15.44717530 67358
UTMN (RS23S)            
1 53376U 22096G   23296.18167604  .00050864  00000+0  10411-2 0  9999
2 53376  97.3985 203.7766 0004564  87.1223 273.0548 15.45938119 67378
MIET-AIS (RS28S)        
1 53377U 22096H   23296.09927677  .00043914  00000+0  97784-3 0  9991
2 53377  97.4008 203.3161 0004132  81.3659 278.8057 15.43484799 67333
KAI-1 (RS26S)           
1 53378U 22096J   23296.10116078  .00036864  00000+0  89520-3 0  9994
2 53378  97.4028 202.7480 0003859  78.6567 281.5113 15.40917491 67291
ISOI (RS19S)            
1 53381U 22096M   23296.10020951  .00047545  00000+0  10210-2 0  9999
2 53381  97.4004 203.7392 0002685  44.4144 315.7320 15.44547980 67364
RESHUCUBE (RS8S)        
1 53382U 22096N   23296.15843874  .00037704  00000+0  87946-3 0  9999
2 53382  97.4015 203.2549 0002855  35.9416 324.2023 15.42132920 67336
CUBESX-HSE-2 (RS21S)    
1 53383U 22096P   23296.07369936  .00051002  00000+0  10434-2 0  9997
2 53383  97.3992 203.9348 0002902  46.9041 313.2451 15.45958547 67374
SIREN (RS30S)           
1 53384U 22096Q   23296.14858443  .00039123  00000+0  88686-3 0  9997
2 53384  97.4010 203.4175 0002668  37.4550 322.6883 15.42982465 67342
GEOSCAN-EDELVEIS (RS20S)
1 53385U 22096R   23296.08454909  .00093525  00000+0  14313-2 0  9991
2 53385  97.3973 205.5430 0002117  68.2842 291.8637 15.54042417 67512
VIZARD (RS33S)          
1 53386U 22096S   23296.18410493  .00181166  00000+0  17314-2 0  9996
2 53386  97.3948 207.5568 0004347  90.7735 269.4023 15.66139067 67642
DONGPO 04               
1 53451U 22098H   23296.16478540  .00013189  00000+0  67657-3 0  9991
2 53451  97.5355  31.7381 0005252 204.5583 155.5400 15.16656611 66323
DONGPO 02               
1 53452U 22098J   23296.22114917  .00014113  00000+0  72392-3 0  9994
2 53452  97.5251  31.2465 0005217 207.3137 152.7823 15.16642162 66339
DONGPO 01               
1 53453U 22098K   23296.21712913  .00013479  00000+0  69221-3 0  9995
2 53453  97.5304  31.5365 0005315 207.8052 152.2898 15.16610783 66332
CENTISPACE-1 S3         
1 53757U 22108A   23296.04749589  .00000727  00000+0  19458-3 0  9993
2 53757  53.5322  91.0719 0008341 294.5416  65.4688 14.58565297 60109
CENTISPACE-1 S4         
1 53758U 22108B   23296.17691318  .00000834  00000+0  21696-3 0  9990
2 53758  53.5295  91.0132 0007720 277.0552  82.9544 14.58653110 60113
BLUEWALKER 3            
1 53807U 22111AL  23295.91344537  .00007375  00000+0  32836-3 0  9993
2 53807  53.2191 208.4010 0013515  87.2764 272.9781 15.22416066 61893
YUNHAI 1-03             
1 53877U 22115A   23296.18598163  .00000502  00000+0  19915-3 0  9998
2 53877  98.5135 292.6557 0000927 105.1600 254.9687 14.33048473 56885
SELFIESAT               
1 53951U 22057BC  23295.90727940  .00031020  00000+0  11282-2 0  9999
2 53951  97.5528  53.4370 0007744 255.6198 104.4182 15.28167229 78144
CENTISPACE-1 S5         
1 54020U 22126A   23296.17462659  .00001445  00000+0  34564-3 0  9994
2 54020  54.9975 114.7492 0014830  60.1317 300.1147 14.58788098 55547
CENTISPACE-1 S6         
1 54021U 22126B   23296.10685002  .00000989  00000+0  24842-3 0  9997
2 54021  54.9976 115.0279 0017598  65.1560 295.1260 14.58846370 55520
OTB-3-GAZELLE           
1 54023U 22127A   23295.91123504  .00000282  00000+0  99108-4 0  9996
2 54023  98.3323 290.7066 0012411 227.3289 132.6856 14.41924119 54787
ASO-S                   
1 54029U 22129A   23296.10382736  .00000356  00000+0  10093-3 0  9997
2 54029  98.2701 300.1514 0014698 179.1360 180.9862 14.51121280 54972
HJ-2E                   
1 54035U 22132A   23296.18890773  .00013145  00000+0  53726-3 0  9991
2 54035  97.3917 301.2408 0009112 126.9244 233.2829 15.24453641 57123
COSMOS 2561             
1 54109U 22137A   23296.18738340  .00027040  00000+0  45048-3 0  9996
2 54109  97.0436  16.6400 0013397 146.6707 213.5393 15.51877669 56946
GONETS-M 23             
1 54150U 22139A   23296.12122395  .00000042  00000+0  23305-3 0  9990
2 54150  82.5074 229.8220 0020647 171.0460 189.0992 12.42891344 45382
GONETS-M 24             
1 54151U 22139B   23296.09232169  .00000043  00000+0  23715-3 0  9994
2 54151  82.4993 229.5516 0015386 179.9710 180.1373 12.42890562 45382
GONETS-M 25             
1 54152U 22139C   23296.15943196  .00000031  00000+0  14856-3 0  9994
2 54152  82.5057 229.6798 0019204 179.7540 180.3553 12.42881302 45395
MATS                    
1 54227U 22147A   23295.90903313  .00003465  00000+0  32129-3 0  9992
2 54227  97.6608 294.5564 0012144 204.1504 155.9149 14.95038995 52577
JILIN-1 GAOFEN 03D54    
1 54254U 22155D   23296.21918404  .00012457  00000+0  65280-3 0  9998
2 54254  97.5508  41.8002 0013776 188.7110 171.3885 15.15846486 51536
EOS-6 (OCEANSAT-3)      
1 54361U 22158A   23296.14452141  .00000699  00000+0  20418-3 0  9992
2 54361  98.3543  31.4065 0001211 111.1813 248.9509 14.46979299 47843
THYBOLT-1               
1 54363U 22158C   23296.16512333  .00048356  00000+0  12964-2 0  9994
2 54363  97.4429  35.5090 0007771 176.5746 183.5553 15.37801418 50483
THYBOLT-2               
1 54364U 22158D   23296.12042586  .00047563  00000+0  12874-2 0  9998
2 54364  97.4429  35.4171 0007671 177.6586 182.4696 15.37509451 50473
INS-2B                  
1 54365U 22158E   23296.22036018  .00042600  00000+0  11869-2 0  9993
2 54365  97.4395  35.2509 0008244 185.1085 175.0076 15.36631864 50488
ANAND                   
1 54366U 22158F   23296.20348874  .00031402  00000+0  97524-3 0  9999
2 54366  97.4388  34.5976 0008305 182.8485 177.2711 15.33274589 50447
ASTROCAST-0304          
1 54367U 22158G   23296.20837056  .00011267  00000+0  42713-3 0  9992
2 54367  97.4423  33.7003 0008833 190.8202 169.2848 15.27012820 50366
ASTROCAST-0303          
1 54368U 22158H   23296.12369754  .00012573  00000+0  46636-3 0  9998
2 54368  97.4461  33.7887 0006927 209.2533 150.8319 15.27720068 50362
ASTROCAST-0302          
1 54369U 22158J   23296.17501028  .00012016  00000+0  45238-3 0  9995
2 54369  97.4452  33.8463 0007169 190.4618 169.6473 15.27237096 50372
ASTROCAST-0301          
1 54370U 22158K   23296.15918361  .00011627  00000+0  43831-3 0  9991
2 54370  97.4466  33.9080 0007907 202.3724 157.7171 15.27196243 50377
CZ-2D R/B               
1 54373U 22160B   23296.31142454  .04047573  27590-1  53298-2 0  9992
2 54373  34.9827 254.3320 0011798 203.9808 277.5717 16.09112047 50925
2022-167A               
1 54682U 22167A   23296.18988245  .00025784  00000+0  11757-2 0  9998
2 54682  97.5729  73.6743 0011157 250.5287 109.4742 15.20567657 48115
CAS-5A (FO-118)         
1 54684U 22167C   23296.15344292  .00017787  00000+0  87743-3 0  9998
2 54684  97.5785  73.2992 0012075 253.6174 106.3733 15.17910995 48063
DONGPO 09               
1 54685U 22167D   23296.20229457  .00010887  00000+0  59856-3 0  9998
2 54685  97.5855  73.0069 0008022 265.4841  94.5474 15.14233334 48033
DONGPO 08               
1 54686U 22167E   23296.16868439  .00009408  00000+0  52126-3 0  9993
2 54686  97.5808  72.7053 0008549 285.2360  74.7926 15.13993809 48021
2022-167F               
1 54687U 22167F   23296.18590357  .00017160  00000+0  86416-3 0  9990
2 54687  97.5734  72.9765 0012939 263.4386  96.5374 15.17185961 48054
DONGPO 10               
1 54689U 22167H   23296.14301435  .00010568  00000+0  58694-3 0  9997
2 54689  97.5877  73.0278 0011365 251.8127 108.1867 15.13852951 48021
2022-167M               
1 54693U 22167M   23296.18442850  .00029951  00000+0  13085-2 0  9993
2 54693  97.5783  74.2249 0011636 251.1598 108.8376 15.21996568 48090
JILIN-1 GAOFEN 03D48    
1 54695U 22167P   23296.15404758  .00009632  00000+0  53290-3 0  9994
2 54695  97.5815  72.9176 0011779 269.5562  90.4320 15.14013329 48030
STAR VIBE               
1 55009U 23001A   23296.11368460  .00008452  00000+0  44854-3 0  9992
2 55009  97.4617 352.9723 0008348 308.1883  51.8597 15.15556462 44407
BRO-8                   
1 55011U 23001C   23296.10814485  .00008762  00000+0  46456-3 0  9991
2 55011  97.4679 353.1922 0009300 309.6579  50.3832 15.15574204 44409
CONNECTA T1.2           
1 55012U 23001D   23295.88041662  .00013953  00000+0  71311-3 0  9991
2 55012  97.4693 353.2544 0009829 305.8653  54.1666 15.16741611 44387
BIRKELAND               
1 55015U 23001G   23296.14107498  .00010668  00000+0  52980-3 0  9995
2 55015  97.4678 353.7686 0008584 297.7695  62.2668 15.17827895 44446
ION SCV-008             
1 55051U 23001AU  23295.74571378  .00004471  00000+0  26316-3 0  9991
2 55051  97.6299  10.1663 0013056   7.9602 352.1833 15.12088585 44271
ION SCV-007             
1 55060U 23001BD  23295.74056228  .00000906  00000+0  14203-3 0  9994
2 55060  98.0338 355.7544 0012429 202.8528 157.2129 14.75063207 43343
NSL-2                   
1 55067U 23001BL  23296.15210301  .00027775  00000+0  99321-3 0  9998
2 55067  97.4658 356.1767 0010837 278.3398  81.6613 15.28719079 44606
TAUSAT-2                
1 55073U 23001BS  23296.15388548  .00014948  00000+0  66150-3 0  9996
2 55073  97.4638 354.8157 0013384 262.9864  96.9850 15.21685009 44527
FLOCK 4Y-23             
1 55080U 23001BZ  23295.89854994  .00013985  00000+0  63159-3 0  9993
2 55080  97.4624 354.4730 0012812 284.1999  75.7813 15.21012080 44485
HUYGENS                 
1 55093U 23001CN  23296.15470847  .00006432  00000+0  32148-3 0  9991
2 55093  97.4634 353.8661 0014015 277.8117  82.1526 15.17712185 44463
BDSAT-2                 
1 55098U 23001CT  23296.14560339  .00018664  00000+0  81768-3 0  9993
2 55098  97.4674 354.9649 0013113 277.0179  82.9566 15.21984275 44523
SHARJAHSAT-1            
1 55104U 23001CZ  23296.14817012  .00008926  00000+0  46692-3 0  9991
2 55104  97.4637 353.1544 0010043 308.9112  51.1224 15.16037996 44415
2023-003A               
1 55133U 23003A   23296.17664271  .00011769  00000+0  57694-3 0  9998
2 55133  97.2521  14.0154 0005375 350.0748  10.0380 15.18266489 43488
2023-007N               
1 55260U 23007N   23296.17658311  .00038154  00000+0  90485-3 0  9993
2 55260  97.3410   9.3057 0006615  29.5616 330.6004 15.41611456 43068
2023-007P               
1 55261U 23007P   23296.14584744  .00028558  00000+0  78510-3 0  9991
2 55261  97.3414   8.4186 0008651  37.5481 322.6366 15.37129601 43004
ION SCV-009             
1 55441U 23014BC  23295.89700982  .00084682  00000+0  64510-3 0  9999
2 55441  70.0031  74.4679 0007086 300.3956  59.6540 15.71823519 41619
EOS-7                   
1 55562U 23019A   23295.33708444  .00044951  00000+0  90558-3 0  9994
2 55562  37.1838 309.8587 0003280 332.1426  43.9831 15.45599069 39293
AZAADISAT-2             
1 55563U 23019B   23296.07793678  .00209663  00000+0  11250-2 0  9994
2 55563  37.1730 277.7498 0004724 155.9546 204.1446 15.78718932 39704
HORUS 1                 
1 55690U 23025A   23296.21615445  .00010889  00000+0  45816-3 0  9999
2 55690  97.4507   8.7262 0007943 141.9313 218.2487 15.23531560 36685
HORUS 2                 
1 55844U 23032A   23296.18418836  .00009685  00000+0  41104-3 0  9997
2 55844  97.4555   8.7506 0005205 187.5906 172.5253 15.23288018 34119
GLOBAL-19               
1 55982U 23041B   23295.86064254  .00025566  00000+0  65144-3 0  9991
2 55982  42.0136  91.3783 0023221 278.2922  81.5285 15.38738019 32773
DEWASAT-2               
1 56180U 23054C   23296.16091589  .00021922  00000+0  81914-3 0  9996
2 56180  97.3900 189.5237 0007682 320.2778  39.7898 15.27347571 29666
KILICSAT                
1 56181U 23054D   23296.19104477  .00018875  00000+0  72280-3 0  9990
2 56181  97.3853 189.3848 0006934 318.7693  41.3021 15.26570362 29670
SSS-2B                  
1 56184U 23054G   23296.16898062  .00019223  00000+0  72876-3 0  9999
2 56184  97.3919 189.5718 0007912 317.5211  42.5414 15.26893015 29676
BRO-9                   
1 56185U 23054H   23296.08660477  .00009635  00000+0  39425-3 0  9997
2 56185  97.3824 188.9771 0006991 309.6568  50.4052 15.24513068 29645
CIRBE                   
1 56188U 23054L   23295.68266840  .00023689  00000+0  85256-3 0  9999
2 56188  97.3872 189.1869 0006463 312.1621  47.9070 15.28576077 29616
ION SCV-010             
1 56192U 23054Q   23295.65935620  .00004148  00000+0  30581-3 0  9990
2 56192  97.4905 186.6445 0012081 206.3894 153.6718 15.03785048 29325
GHOST-1                 
1 56195U 23054T   23295.96765622  .00010448  00000+0  42213-3 0  9995
2 56195  97.3846 189.0422 0008296 291.9286  68.1070 15.24908828 29632
GHOST-2                 
1 56197U 23054V   23295.65031720  .00010740  00000+0  42411-3 0  9993
2 56197  97.3842 188.8474 0008917 294.4660  65.5647 15.25663546 29590
TOMORROW-R1             
1 56199U 23054X   23295.65449315  .00013839  00000+0  52869-3 0  9998
2 56199  97.3866 189.0438 0009056 297.0557  62.9757 15.26700966 29604
FACSAT-2                
1 56205U 23054AD  23296.07383841  .00026225  00000+0  98424-3 0  9994
2 56205  97.3886 189.7540 0011663 280.9724  79.0202 15.27128643 29688
CONNECTA T2.1           
1 56210U 23054AJ  23296.08478550  .00020934  00000+0  80223-3 0  9992
2 56210  97.3811 189.3964 0010478 276.6582  83.3464 15.26494879 29678
INSPIRE-SAT 7           
1 56211U 23054AK  23296.18593362  .00028362  00000+0  95504-3 0  9994
2 56211  97.3888 190.2489 0009761 283.6889  76.3265 15.30683079 29721
ROSEYCUBESAT-1          
1 56212U 23054AL  23296.14526489  .00029478  00000+0  97272-3 0  9990
2 56212  97.3896 190.3183 0009854 282.9754  77.0387 15.31329642 29726
LS3C                    
1 56214U 23054AN  23296.20169458  .00024905  00000+0  85511-3 0  9991
2 56214  97.3844 190.1096 0010318 277.6432  82.3637 15.30073808 29729
IRIS-C                  
1 56221U 23054AV  23295.95614612  .00028032  00000+0  10196-2 0  9998
2 56221  97.3847 189.3732 0008783 285.2347  74.7921 15.28176351 29646
DISCO-1                 
1 56222U 23054AW  23296.20955360  .00017990  00000+0  68205-3 0  9992
2 56222  97.3830 189.4657 0009918 291.5641  68.4541 15.26889361 29675
VIREO                   
1 56223U 23054AX  23296.18500328  .00039530  00000+0  13280-2 0  9996
2 56223  97.3816 189.7735 0007039 287.0170  73.0300 15.30709168 29709
REVELA                  
1 56224U 23054AY  23295.96172706  .00020935  00000+0  76345-3 0  9998
2 56224  97.3844 189.5164 0005419 290.2247  69.8409 15.28173471 29652
ISTANBUL                
1 56230U 23084BP  23296.13681255  .00066435  00000+0  27723-2 0  9992
2 56230  97.5176  51.4334 0010812 143.7214 216.4758 15.23353203 20043
TELEOS-2                
1 56310U 23057C   23295.51313560  .00008391  00000+0  66080-3 0  9990
2 56310   9.9890  57.3018 0000809 275.0925  84.9196 14.96404668 27467
SNIPE 4                 
1 56744U 23072B   23296.05484654  .00009879  00000+0  62324-3 0  9990
2 56744  97.5497 120.7517 0009066 136.3129 223.8819 15.09271768 22708
SNIPE 2                 
1 56745U 23072C   23296.10731015  .00009015  00000+0  56612-3 0  9998
2 56745  97.5513 120.8527 0009189 138.9007 221.2916 15.09467391 22719
2023-072G               
1 56749U 23072G   23296.12252298  .00010194  00000+0  62955-3 0  9992
2 56749  97.5319 120.6041 0010326 148.4621 211.7229 15.10032130 22722
OTTER PUP               
1 56933U 23084B   23295.85318993  .00012225  00000+0  62689-3 0  9995
2 56933  97.5200  50.5487 0009696 103.4045 256.8270 15.16658625 19967
GEISAT PRECURSOR        
1 56934U 23084C   23296.15679110  .00009465  00000+0  52280-3 0  9999
2 56934  97.5241  50.8571 0010301 132.3055 227.9052 15.14085311 20005
EIVE                    
1 56937U 23084F   23296.16455184  .00015581  00000+0  82204-3 0  9991
2 56937  97.5206  50.9468 0009229 129.7782 230.4265 15.15600200 20016
LAYAN-23                
1 56939U 23084H   23296.12751437  .00019475  00000+0  10069-2 0  9994
2 56939  97.5215  51.0108 0009791 124.3644 235.8516 15.16262403 20011
AFRL-XVI                
1 56942U 23084L   23295.85701030  .00017426  00000+0  90447-3 0  9994
2 56942  97.5252  50.8113 0010885 125.8659 234.3586 15.16138297 19974
BLACKJACK ACES-3        
1 56950U 23084U   23295.87224048  .00010901  00000+0  58203-3 0  9999
2 56950  97.5235  50.7592 0012729 115.1921 245.0632 15.15229965 19970
QPS-SAR-6 AMATERU-III   
1 56951U 23084V   23296.11408985  .00025903  00000+0  12822-2 0  9996
2 56951  97.5222  51.1933 0011090 116.1598 244.0777 15.17718121 20028
BLACKJACK ACES-4        
1 56952U 23084W   23295.91661726  .00013501  00000+0  71071-3 0  9991
2 56952  97.5232  50.8432 0013500 117.3365 242.9243 15.15671047 19984
BLACKJACK ACES-2        
1 56955U 23084Z   23295.88300168  .00012739  00000+0  69052-3 0  9998
2 56955  97.5224  50.7309 0013991 118.9590 241.3047 15.14639141 19973
BLACKJACK ACES-1        
1 56956U 23084AA  23295.84046262  .00012165  00000+0  63896-3 0  9990
2 56956  97.5236  50.8055 0013704 121.6423 238.6148 15.15772135 19977
ION SCV-011             
1 56957U 23084AB  23295.93829761  .00001162  00000+0  17946-3 0  9994
2 56957  98.0371  52.0145 0071734 348.3094  11.6445 14.73587087 19654
GHOST-3                 
1 56958U 23084AC  23295.85634620  .00009394  00000+0  50251-3 0  9995
2 56958  97.5240  50.7828 0014244 120.1553 240.1092 15.15189992 19978
PHOTON-04               
1 56959U 23084AD  23295.85783373  .00009256  00000+0  49598-3 0  9995
2 56959  97.5238  50.7751 0014446 120.8432 239.4224 15.15130373 19975
TOMORROW-R2             
1 56962U 23084AG  23295.89526874  .00011348  00000+0  59603-3 0  9997
2 56962  97.5228  50.8744 0014571 118.9061 241.3635 15.15781614 19985
AFR-1                   
1 56964U 23084AJ  23296.13564207  .00005881  00000+0  32150-3 0  9992
2 56964  97.5250  51.0409 0015588 117.7581 242.5234 15.14562168 20010
DROID.001               
1 56965U 23084AK  23295.88618273  .00012711  00000+0  66381-3 0  9990
2 56965  97.5210  50.8571 0014326 115.3035 244.9684 15.15957732 19986
MUSAT1                  
1 56967U 23084AM  23296.12432073  .00025411  00000+0  12315-2 0  9990
2 56967  97.5205  51.3093 0013103 114.5291 245.7310 15.18439648 20031
AII-DELTA               
1 56987U 23084BH  23296.10192515  .00023447  00000+0  11426-2 0  9993
2 56987  97.5171  51.2786 0015029 106.9864 253.3018 15.18239378 20031
SPEI SATELLES           
1 56991U 23084BT  23295.89325360  .00018139  00000+0  90955-3 0  9996
2 56991  97.5187  50.9665 0012466 107.1965 253.0633 15.17327041 19999
URESAT-1                
1 56992U 23084BU  23296.11787942  .00021221  00000+0  11147-2 0  9992
2 56992  97.5163  50.7759 0017369 135.2419 225.0218 15.15593689 19998
MRC-100                 
1 56993U 23084BV  23295.84789041  .00022481  00000+0  11717-2 0  9996
2 56993  97.5171  50.5326 0017151 136.8535 223.4045 15.15859560 19961
METEOR-M2 3             
1 57166U 23091A   23296.10856610  .00000029  00000+0  32063-4 0  9997
2 57166  98.7500 347.4841 0005105  98.8435 261.3321 14.23849952 16748
STRATOSAT-TK 1 (RS52S)  
1 57167U 23091B   23296.16336191  .00011646  00000+0  81284-3 0  9996
2 57167  97.6496 345.7567 0017048 208.8238 151.2048 15.05404854 17675
UMKA 1 (RS40S)          
1 57172U 23091G   23296.18661987  .00004820  00000+0  34800-3 0  9996
2 57172  97.6498 345.7272 0017071 206.3616 153.6743 15.04454338 17674
2023-091H               
1 57173U 23091H   23296.14929399  .00007026  00000+0  50795-3 0  9999
2 57173  97.6509 345.6210 0015447 217.1475 142.8683 15.04260597 17661
2023-091J               
1 57174U 23091J   23296.16474362  .00004498  00000+0  33166-3 0  9990
2 57174  97.6487 345.5962 0015684 217.9073 142.1049 15.03716931 17661
CUBEBEL 2 (EU11S)       
1 57175U 23091K   23296.15934766  .00007633  00000+0  55292-3 0  9997
2 57175  97.6495 345.6007 0015774 220.7121 139.2927 15.04155199 17664
SITRO-AIS 5 (KATYS)     
1 57176U 23091L   23296.13928117  .00007203  00000+0  51820-3 0  9995
2 57176  97.6519 345.6499 0018341 207.0614 152.9658 15.04396398 17666
ZORKIY 2M               
1 57177U 23091M   23296.19526431  .00005470  00000+0  39463-3 0  9998
2 57177  97.6523 345.7460 0018019 201.5179 158.5291 15.04405672 17670
CUBESX-HSE 3 (RS42S)    
1 57178U 23091N   23296.18945568  .00006654  00000+0  47608-3 0  9999
2 57178  97.6538 345.7819 0018157 201.0054 159.0428 15.04636378 17672
MONITOR-3 (RS58S)       
1 57180U 23091Q   23296.12917285  .00006917  00000+0  49651-3 0  9993
2 57180  97.6536 345.6988 0018322 200.9105 159.1374 15.04499428 17661
MONITOR-4 (RS57S)       
1 57182U 23091S   23296.12988913  .00006932  00000+0  49763-3 0  9992
2 57182  97.6531 345.6899 0018328 201.6526 158.3927 15.04492128 17665
MONITOR-2 (RS39S)       
1 57184U 23091U   23296.13798665  .00004576  00000+0  32616-3 0  9999
2 57184  97.6539 345.8365 0014492 194.1867 165.8954 15.04994645 17672
SVYATOBOR 1 (RS60S)     
1 57187U 23091X   23296.11405616  .00006120  00000+0  42900-3 0  9995
2 57187  97.6525 345.8691 0014317 193.8390 166.2446 15.05489826 17677
HORS 1                  
1 57188U 23091Y   23296.11085069  .00006278  00000+0  43951-3 0  9993
2 57188  97.6504 345.8542 0013962 196.3363 163.7416 15.05527067 17672
VIZARD-METEO (RS38S)    
1 57189U 23091Z   23296.08278091  .00008580  00000+0  59067-3 0  9992
2 57189  97.6531 345.8983 0013380 191.9662 168.1248 15.06050551 17671
NANOZOND 1 (RS49S)      
1 57190U 23091AA  23296.12039135  .00010183  00000+0  68774-3 0  9990
2 57190  97.6500 345.9592 0011912 196.7008 163.3829 15.06728844 17682
SITRO-AIS 6 (CHIRKIN)   
1 57192U 23091AC  23296.13510477  .00007363  00000+0  52870-3 0  9992
2 57192  97.6517 345.6527 0018094 206.6028 153.4272 15.04463650 17667
SITRO-AIS 8 (ANOKHIN)   
1 57193U 23091AD  23296.13162034  .00007859  00000+0  56287-3 0  9991
2 57193  97.6514 345.6546 0017833 207.7489 152.2787 15.04544984 17667
SITRO-AIS 7 (FARTUSHNIY)
1 57194U 23091AE  23296.13414016  .00006970  00000+0  50104-3 0  9997
2 57194  97.6515 345.6517 0017922 207.0629 152.9664 15.04444012 17667
AVION KALUGA 650        
1 57195U 23091AF  23296.11587586  .00004368  00000+0  30923-3 0  9995
2 57195  97.6536 345.8913 0013689 196.4542 163.6241 15.05281445 17675
HORS 2                  
1 57196U 23091AG  23296.09895360  .00008392  00000+0  58186-3 0  9997
2 57196  97.6520 345.8879 0013712 197.1199 162.9567 15.05789425 17677
A-SEANSAT-PG1           
1 57197U 23091AH  23296.09436863  .00009579  00000+0  66132-3 0  9995
2 57197  97.6508 345.8554 0013364 199.2954 160.7768 15.05911244 17674
YARILO 3                
1 57198U 23091AJ  23296.12151503  .00015913  00000+0  10585-2 0  9994
2 57198  97.6556 346.0569 0012986 196.5971 163.4833 15.07170132 17684
SITRO-AIS 10 (BURDAEV)  
1 57199U 23091AK  23296.15702030  .00008758  00000+0  60406-3 0  9992
2 57199  97.6523 345.9437 0013132 197.8962 162.1804 15.05978994 17683
SITRO-AIS 9 (SHCHUKIN)  
1 57201U 23091AM  23296.08881982  .00009226  00000+0  63570-3 0  9998
2 57201  97.6520 345.8726 0013110 197.9239 162.1527 15.05998180 17678
UTMN 2 (RS27S)          
1 57203U 23091AP  23296.09114744  .00008448  00000+0  58421-3 0  9990
2 57203  97.6526 345.8866 0013720 193.0326 167.0548 15.05883867 17674
SITRO-AIS 12 (SMIRENNIY)
1 57204U 23091AQ  23296.07704244  .00008423  00000+0  57848-3 0  9994
2 57204  97.6532 345.9052 0013100 190.6947 169.4003 15.06150680 17677
ARCCUBE 1 (RS25S)       
1 57205U 23091AR  23296.11858926  .00011569  00000+0  77766-3 0  9993
2 57205  97.6483 345.9363 0012207 199.1496 160.9274 15.06867026 17684
SITRO-AIS 11 (SHEFFER)  
1 57208U 23091AU  23296.13974703  .00008234  00000+0  56472-3 0  9996
2 57208  97.6529 345.9722 0012918 190.4298 169.6663 15.06211237 17685
KUZGTU 1 (RS47S)        
1 57217U 23091AV  23296.18714283  .00006251  00000+0  44758-3 0  9997
2 57217  97.6510 345.7475 0018019 202.5763 157.4672 15.04633185 17670
MAYA-5                  
1 57419U 98067VW  23296.04764881  .00215893  00000+0  16548-2 0  9999
2 57419  51.6329  49.2321 0006547 295.4279  64.6041 15.70870806 14946
MAYA-6                  
1 57420U 98067VX  23295.61005654  .00165545  00000+0  13204-2 0  9993
2 57420  51.6313  51.5556 0006231 290.4608  69.5721 15.70083247 14874
2023-103B               
1 57422U 23103B   23296.20314724  .00010580  00000+0  27241-3 0  9996
2 57422  96.6195  14.5140 0032320 202.9352 157.0455 15.38832179 14230
VELOX-AM                
1 57482U 23109B   23295.93357097  .00012396  00000+0  61697-3 0  9997
2 57482   5.0050 356.5846 0012266 209.5410 150.4005 15.13640257 12870
NULION                  
1 57487U 23109G   23277.66121893  .00038272  00000+0  20399-2 0  9999
2 57487   5.0074 135.6481 0005912 282.3612  77.5834 15.13007122 10049
FENGYUN 3F              
1 57490U 23111A   23296.17173677  .00000134  00000+0  84372-4 0  9999
2 57490  98.8013   2.1565 0001800  77.4169 282.7208 14.19720917 11505
HJ-2F                   
1 57519U 23116A   23296.09071678  .00015937  00000+0  65061-3 0  9995
2 57519  97.3960 301.3745 0008997  29.1867 330.9871 15.24451697 11447
XRISM                   
1 57800U 23137A   23295.88349812  .00005057  00000+0  40801-3 0  9992
2 57800  31.0030  85.9697 0010392  10.2547 349.8299 14.98320158  6884
