ORBCOMM FM117           
1 41188U 15081K   23295.69145055  .00001021  00000+0  26764-3 0  9994
2 41188  47.0009  70.8098 0002290  87.4150 272.6997 14.55982718418830
ORBCOMM FM116           
1 41189U 15081L   23295.88697630  .00001293  00000+0  32856-3 0  9997
2 41189  47.0010 159.6983 0001903 177.4074 182.6821 14.56019290417671
CHUBUSAT-2              
1 41338U 16012B   23296.18482303  .00005433  00000+0  36496-3 0  9995
2 41338  31.0010 118.8038 0012337  13.9029 346.1946 15.05218578421670
CHUBUSAT-3              
1 41339U 16012C   23295.93074351  .00005381  00000+0  36403-3 0  9998
2 41339  31.0074 117.8446 0012233  18.0443 342.0626 15.04960252421621
HORYU-4                 
1 41340U 16012D   23295.73054474  .00009424  00000+0  55652-3 0  9991
2 41340  31.0035  81.7087 0011525  80.3546 279.8394 15.10173177422000
OUFTI-1                 
1 41458U 16025C   23295.86226123  .00081074  00000+0  14547-2 0  9999
2 41458  98.1620 154.2950 0076244   2.5190 357.6426 15.46387149412688
E-ST@R-II               
1 41459U 16025D   23296.17036345  .00050190  00000+0  10886-2 0  9997
2 41459  98.1672 151.2426 0087539  11.7990 348.5277 15.40176461412523
AIST-2D (RS-48)         
1 41465U 16026B   23296.18210634  .00049781  00000+0  46960-3 0  9998
2 41465  96.9725 165.7453 0008196 104.6969 255.5201 15.66869098419945
ZIYUAN 3-2 (ZY 3-2)     
1 41556U 16033A   23296.17718517  .00009611  00000+0  42817-3 0  9994
2 41556  97.4826   8.5016 0003391 286.7009  73.3854 15.21644624410816
CARTOSAT-2C             
1 41599U 16040A   23296.12440136  .00008001  00000+0  38077-3 0  9998
2 41599  97.4214 354.3063 0012943 263.7010  96.2750 15.19354618406731
LAPAN-A3                
1 41603U 16040E   23296.19302462  .00004009  00000+0  17172-3 0  9997
2 41603  97.1597 315.8562 0011243 217.5660 142.4793 15.23269434406977
BIROS                   
1 41604U 16040F   23296.05557516  .00012033  00000+0  39419-3 0  9999
2 41604  97.1528 327.1436 0010114 171.4522 188.6894 15.31745873407654
M3MSAT                  
1 41605U 16040G   23295.65776348  .00007609  00000+0  25470-3 0  9996
2 41605  97.1526 324.2753 0009357 190.3363 169.7688 15.31187533407433
GAOFEN-3                
1 41727U 16049A   23296.12117999  .00000180  00000+0  67833-4 0  9991
2 41727  98.4089 302.2932 0000605  84.1300 275.9959 14.42214420379109
QSS (MOZI)              
1 41731U 16051A   23296.14056232  .00008691  00000+0  27589-3 0  9991
2 41731  97.3135 204.9112 0011296   8.7586 351.3851 15.32842443400172
3CAT-2                  
1 41732U 16051B   23296.08024490  .00165692  00000+0  11387-2 0  9999
2 41732  97.3910 233.3695 0001695  69.1845 290.9600 15.74179271401435
PRATHAM                 
1 41783U 16059A   23295.82466431  .00001219  00000+0  23816-3 0  9994
2 41783  97.8593 321.2188 0034069  57.8376 302.6125 14.64229759377655
ALSAT 1N                
1 41789U 16059G   23296.16114939  .00001417  00000+0  26693-3 0  9997
2 41789  97.8565 327.1943 0028442  37.2989 323.0183 14.65752481378010
CAS-2T & KS-1Q          
1 41847U 16066G   23295.68061222  .00002560  00000+0  38522-3 0  9996
2 41847  98.4913   3.5838 0358190 174.5652 185.9593 14.40198056365151
YUNHAI 1                
1 41857U 16068A   23296.16482718  .00000528  00000+0  20886-3 0  9996
2 41857  98.5935 299.1388 0007113 356.4898   3.6235 14.33024283363192
RESOURCESAT-2A          
1 41877U 16074A   23296.19249461  .00000278  00000+0  14633-3 0  9999
2 41877  98.6722   9.1670 0001200  45.7948 314.3328 14.21641678356778
TANSAT                  
1 41898U 16081A   23296.18211545  .00000932  00000+0  21312-3 0  9990
2 41898  98.4384 257.9628 0022212  60.2852 300.0553 14.57941817363464
JILIN-1 03              
1 41914U 17002B   23296.15015834  .00007679  00000+0  40791-3 0  9990
2 41914  97.2395 318.9533 0011029  23.2845 336.8886 15.15520110374068
KAIDUN 1                
1 41915U 17002C   23296.16333047  .00011968  00000+0  52761-3 0  9997
2 41915  97.2339 327.5045 0008065  12.0578 348.0850 15.21912768374591
CARTOSAT-2D             
1 41948U 17008A   23295.89326982  .00007904  00000+0  37833-3 0  9996
2 41948  97.4621 353.6395 0005959  41.5724 318.5962 15.19217746370560
DIDO-2                  
1 42000U 17008BE  23296.14271918  .00034110  00000+0  68112-3 0  9996
2 42000  97.1858 350.6087 0003536 292.7814  67.3063 15.46751128371663
ZHUHAI-1 02 (CAS-4B)    
1 42759U 17034B   23295.98450569  .00012972  00000+0  59634-3 0  9999
2 42759  43.0129 123.9349 0011794 218.8564 141.1438 15.20213568351065
ZHUHAI-1 01 (CAS-4A)    
1 42761U 17034D   23295.99968313  .00013897  00000+0  63706-3 0  9996
2 42761  43.0130 122.3590 0012692 219.9831 140.0084 15.20252747351076
UCLSAT                  
1 42765U 17036A   23295.90133195  .00330722  00000+0  16255-2 0  9990
2 42765  97.1194 335.7666 0001178 312.8255  47.2914 15.81312960353819
NIUSAT                  
1 42766U 17036B   23296.05277174  .00054914  00000+0  10137-2 0  9993
2 42766  97.1444 325.1158 0007490  11.4712 348.6709 15.48894194352333
CARTOSAT-2E             
1 42767U 17036C   23296.17204890  .00007802  00000+0  37246-3 0  9997
2 42767  97.4744 353.6343 0006882 101.1418 259.0590 15.19310211351171
AALTO-1                 
1 42775U 17036L   23296.03347522  .00031644  00000+0  74860-3 0  9995
2 42775  97.1410 322.7866 0008659  17.4317 342.7226 15.41707361352173
URSA MAIOR              
1 42776U 17036M   23295.83012483  .00038981  00000+0  82928-3 0  9993
2 42776  97.1416 324.3948 0007869  14.1499 345.9969 15.44839695352242
MAX VALIER SAT          
1 42778U 17036P   23296.05004517  .00038132  00000+0  76506-3 0  9992
2 42778  97.1395 328.3780 0006444  14.3950 345.7483 15.46573794352437
DIAMOND RED             
1 42783U 17036U   23296.06932040  .00054555  00000+0  96908-3 0  9995
2 42783  97.1370 328.6250 0005955  18.5133 341.6334 15.50005569352532
PEGASUS                 
1 42784U 17036V   23296.08537387  .00124803  00000+0  12601-2 0  9994
2 42784  97.1299 333.1062 0002935 359.9654   0.1605 15.64939744352848
DIAMOND GREEN           
1 42785U 17036W   23295.81482052  .00064087  00000+0  10446-2 0  9995
2 42785  97.1337 328.8456 0005515  19.1726 340.9734 15.52393184352513
DIAMOND BLUE            
1 42786U 17036X   23295.90264869  .00057348  00000+0  98690-3 0  9990
2 42786  97.1366 328.7411 0005569  15.0038 345.1379 15.50894839352597
SKCUBE                  
1 42789U 17036AA  23296.10103355  .00395110  00000+0  16113-2 0  9999
2 42789  97.1183 336.8864 0001590 286.0828  74.0267 15.85155053353092
D-SAT                   
1 42794U 17036AF  23295.92993740  .00005341  00000+0  41172-3 0  9997
2 42794  97.4785 282.2277 0111706 231.1406 127.9809 14.97149868345062
NORSAT 2                
1 42828U 17042D   23295.50756682  .00005880  00000+0  51136-3 0  9997
2 42828  97.3868 129.2166 0013232 143.3196 216.8936 14.97248351341661
TECHNOSAT               
1 42829U 17042E   23296.11516971  .00003491  00000+0  32801-3 0  9995
2 42829  97.3832 125.9517 0013610 150.4112 209.7882 14.94457532341596
FLYING LAPTOP           
1 42831U 17042G   23295.87105530  .00002991  00000+0  28779-3 0  9998
2 42831  97.3851 125.9333 0013839 152.2433 207.9529 14.93618659341546
WNISAT 1R               
1 42835U 17042L   23295.85268776  .00002512  00000+0  24158-3 0  9998
2 42835  97.3827 125.7967 0013119 149.6657 210.5325 14.93769081341565
LEMUR-2-GREENBERG       
1 42837U 17042N   23295.80528313  .00006951  00000+0  57514-3 0  9994
2 42837  97.3805 131.5094 0011247 138.7891 221.4184 14.99141199341876
LEMUR-2-FURIAUS         
1 42840U 17042R   23296.09167268  .00008650  00000+0  72397-3 0  9992
2 42840  97.3840 131.6897 0012563 135.2957 224.9281 14.98618731341874
CORVUS BC2              
1 42846U 17042X   23296.09374955  .00004538  00000+0  41371-3 0  9990
2 42846  97.3782 129.8152 0009876 133.8840 226.3199 14.95545181341831
CORVUS BC1              
1 42847U 17042Y   23296.07671852  .00003980  00000+0  36238-3 0  9991
2 42847  97.3770 130.1672 0009396 134.3877 225.8116 14.95659114341840
VRSS-2                  
1 42954U 17060A   23296.18199051  .00001571  00000+0  22593-3 0  9991
2 42954  97.7902 355.7542 0018688  17.9734 342.2134 14.77640856325314
MOHAMMED VI-A           
1 43005U 17070A   23296.17829293  .00001470  00000+0  21559-3 0  9996
2 43005  97.9440   6.3949 0001410  86.8962 273.2410 14.77046866321085
FENGYUN 3D              
1 43010U 17072A   23296.16631558  .00000222  00000+0  12745-3 0  9999
2 43010  98.8765 244.8853 0000887 343.3474  16.7672 14.19225554307656
CZ-4C R/B               
1 43012U 17072C   23295.80562520  .00000785  00000+0  16894-3 0  9996
2 43012  98.6323 356.3674 0125039 249.7558 109.0160 14.56913040315534
NOAA 20                 
1 43013U 17073A   23296.12185403  .00000171  00000+0  10176-3 0  9991
2 43013  98.7219 232.5854 0001554  90.7756 269.3598 14.19581624307123
MIRATA                  
1 43015U 17073C   23295.96585125  .00021741  00000+0  12674-2 0  9999
2 43015  97.6138 180.1872 0198746 348.0497  11.6044 14.96799827320571
MAKERSAT 0              
1 43016U 17073D   23295.94543873  .00016902  00000+0  10811-2 0  9996
2 43016  97.6102 177.3229 0217374   0.5353 359.6058 14.91169284320334
RADFXSAT (FOX-1B)       
1 43017U 17073E   23296.16873047  .00010981  00000+0  73866-3 0  9992
2 43017  97.6085 175.4780 0226977   6.4515 353.9538 14.88207449320208
EAGLESAT 1              
1 43018U 17073F   23295.95535459  .00024338  00000+0  14378-2 0  9994
2 43018  97.6148 180.4973 0202838 350.6318   9.1142 14.95774886320364
JILIN-1 04              
1 43022U 17074A   23296.18465936  .00007750  00000+0  40169-3 0  9995
2 43022  97.4968  25.2167 0007437  31.8866 328.2816 15.16427858326415
JILIN-1 05              
1 43023U 17074B   23296.20574636  .00007973  00000+0  41136-3 0  9999
2 43023  97.4984  25.6607 0007983  45.5333 314.6551 15.16575814326426
JILIN-1 06              
1 43024U 17074C   23296.17295326  .00004611  00000+0  24913-3 0  9992
2 43024  97.4979  25.1500 0010983  47.2226 312.9928 15.15145875326396
LKW-2                   
1 43080U 17084A   23296.15541273  .00009758  00000+0  40931-3 0  9993
2 43080  97.2594 359.9551 0009163  51.1141 309.0912 15.23648335324274
SUPERVIEW-1 03          
1 43099U 18002A   23296.17220546  .00014443  00000+0  55368-3 0  9990
2 43099  97.3994  12.5759 0004686 169.2040 190.9301 15.26604761320201
SUPERVIEW-1 04          
1 43100U 18002B   23296.20711974  .00014618  00000+0  55558-3 0  9992
2 43100  97.4013  12.8926 0001967  95.4255 264.7208 15.26895250320215
CARTOSAT-2F             
1 43111U 18004A   23296.13974633  .00007958  00000+0  38132-3 0  9999
2 43111  97.4674 353.9294 0002753 100.5658 259.5887 15.19189553320350
CARBONITE 2             
1 43115U 18004E   23296.14773933  .00014360  00000+0  43981-3 0  9997
2 43115  97.3018   4.1188 0008994  59.7335 300.4797 15.33871942321366
INS-1C                  
1 43116U 18004F   23296.20366183  .00364712  00000+0  15844-2 0  9995
2 43116  97.3183  22.4513 0004032 299.4307  60.6560 15.83885637322361
CORVUS BC3              
1 43118U 18004H   23296.14458728  .00044045  00000+0  89513-3 0  9996
2 43118  97.3144  10.8479 0006230  46.6244 313.5523 15.46169814321758
ARKYD 6A                
1 43130U 18004V   23296.16234669  .00079280  00000+0  10262-2 0  9991
2 43130  97.3144  16.7182 0003696  20.0177 340.1224 15.58636960322087
CNUSAIL-1               
1 43133U 18004Y   23296.18946216  .00062500  00000+0  95259-3 0  9991
2 43133  97.3163  15.3019 0004071  33.6086 326.5425 15.54271249321993
FOX-1D (AO-92)          
1 43137U 18004AC  23296.19357562  .00091590  00000+0  10886-2 0  9999
2 43137  97.3140  17.7816 0003088  19.3798 340.7576 15.60848713322158
CICERO 7                
1 43143U 18004AJ  23295.80666271  .00339601  00000+0  13210-2 0  9995
2 43143  97.3089  27.5847 0003958 297.0365  63.0502 15.86270014322729
LKW-3                   
1 43146U 18006A   23296.16707282  .00012011  00000+0  50555-3 0  9995
2 43146  97.5425  64.0869 0002792 194.4226 165.6932 15.23523777321069
ASNARO-2                
1 43152U 18007A   23296.14867557  .00011961  00000+0  52007-3 0  9990
2 43152  97.4207 301.0173 0001733 102.8193 257.3237 15.22416386320135
XIAOXIANG-2             
1 43155U 18008A   23296.18834654  .00030598  00000+0  98993-3 0  9991
2 43155  97.2818 346.0166 0010722 207.6734 152.3938 15.31947089318204
ZHOU ENLAI              
1 43156U 18008B   23296.18987589  .00035697  00000+0  11064-2 0  9996
2 43156  97.2865 346.3836 0008424 207.1376 152.9427 15.33309111318149
KIPP                    
1 43157U 18008C   23296.12994717  .00053503  00000+0  14923-2 0  9995
2 43157  97.2925 347.3638 0007991 209.6811 150.3981 15.36543396318131
QUANTUTONG 1            
1 43158U 18008D   23296.12981329  .00027586  00000+0  10013-2 0  9999
2 43158  97.2902 342.5424 0008682 212.3432 147.7277 15.28247637317929
JILIN-1 07              
1 43159U 18008E   23296.15069687  .00005248  00000+0  28102-3 0  9997
2 43159  97.2788 334.3367 0010690 239.1677 120.8505 15.15386394317484
JILIN-1 08              
1 43160U 18008F   23296.19150009  .00006305  00000+0  33901-3 0  9990
2 43160  97.2791 334.1683 0007110 253.5488 106.4964 15.15192352317480
LEMUR-2-URAMCHANSOL     
1 43183U 18014D   23295.71650209  .00010468  00000+0  68480-3 0  9991
2 43183  97.6012 196.8648 0016882  78.7664 281.5460 15.07840655312824
LEMUR-2-KADI            
1 43184U 18014E   23295.71988261  .00008746  00000+0  58953-3 0  9994
2 43184  97.5897 195.8727 0014892  68.0910 292.1899 15.06808736312789
S-NET D                 
1 43186U 18014G   23295.71467011  .00004352  00000+0  33927-3 0  9994
2 43186  97.6073 197.0374 0015584 101.2434 259.0543 15.01603318312681
S-NET B                 
1 43187U 18014H   23295.71617376  .00004412  00000+0  34391-3 0  9999
2 43187  97.6083 196.9675 0016048  98.2884 262.0161 15.01601723312683
S-NET A                 
1 43188U 18014J   23295.71606432  .00004494  00000+0  35013-3 0  9993
2 43188  97.6086 197.0637 0016035  98.5715 261.7327 15.01605336312683
S-NET C                 
1 43189U 18014K   23295.71883269  .00004632  00000+0  36066-3 0  9992
2 43189  97.6107 196.9602 0017024  92.7102 267.6071 15.01604941311235
GOMX-4B                 
1 43196U 18015E   23296.18873721  .00027355  00000+0  63982-3 0  9999
2 43196  97.5922  91.4706 0012731 105.2503 255.0152 15.42037588318630
GOMX-4A                 
1 43197U 18015F   23296.14506213  .00031886  00000+0  64641-3 0  9992
2 43197  97.5910  94.2584 0011893  97.8991 262.3608 15.46257308318824
PAZ                     
1 43215U 18020A   23296.17293274  .00003848  00000+0  18634-3 0  9990
2 43215  97.4469 301.4728 0001731  89.8969 270.2464 15.19153532314055
LKW-4                   
1 43236U 18025A   23295.92755983  .00011904  00000+0  51255-3 0  9998
2 43236  97.5311  62.0154 0002338 251.3068 108.7915 15.22754012311437
ZHUHAI-1 OHS-01         
1 43439U 18040A   23296.14914903  .00021974  00000+0  65048-3 0  9997
2 43439  97.1713 342.9194 0011184  89.6399 270.6126 15.34836128304871
ZHUHAI-1 OVS-02         
1 43440U 18040B   23296.19056663  .00020146  00000+0  60980-3 0  9994
2 43440  97.1752 343.2246 0010382 101.0824 259.1587 15.34158050304884
ZHUHAI-1 OHS-02         
1 43441U 18040C   23296.19242601  .00021456  00000+0  63961-3 0  9991
2 43441  97.1876 346.4155 0010681 113.3986 246.8382 15.34626247304898
ZHUHAI-1 OHS-04         
1 43443U 18040E   23296.19416748  .00022486  00000+0  67019-3 0  9990
2 43443  97.1781 344.0847 0006682  90.0270 270.1739 15.34656900304895
GAOFEN-6                
1 43484U 18048A   23296.17274141  .00001511  00000+0  22402-3 0  9993
2 43484  97.8891  11.4207 0011216  63.1134 297.1221 14.76473422290545
LUOJIA-1 01             
1 43485U 18048B   23296.17307034  .00003037  00000+0  41179-3 0  9999
2 43485  97.8972  14.0824 0011609  50.5744 309.6493 14.79587393290651
PAKTES 1A               
1 43529U 18056A   23296.09345448  .00003230  00000+0  33332-3 0  9996
2 43529  98.0140  49.1014 0026157  75.1910 285.2202 14.90665706287260
PRSS 1                  
1 43530U 18056B   23296.21447971  .00001650  00000+0  23368-3 0  9998
2 43530  97.8902  10.7255 0001143  86.6345 273.4996 14.78377980285226
HAIYANG-1C              
1 43609U 18068A   23296.14331644  .00000297  00000+0  12097-3 0  9992
2 43609  98.4030   2.8216 0012043  91.9637 268.2927 14.34232346268332
SSTL S1-4               
1 43618U 18071A   23296.14811146  .00001566  00000+0  14870-3 0  9997
2 43618  97.6277 184.5148 0008557 152.6996 207.4676 14.94878290278243
HAIYANG-2B              
1 43655U 18081A   23296.13257203  .00000023  00000+0  65545-4 0  9999
2 43655  99.3418 303.0263 0000791  16.0901 344.0275 13.79305010251473
CZ-4B R/B               
1 43656U 18081B   23295.77215826  .00000603  00000+0  19878-3 0  9995
2 43656  99.4530 116.3385 0207204 170.8569 189.6477 14.30971596260751
CFOSAT                  
1 43662U 18083A   23295.99426875  .00008350  00000+0  43453-3 0  9999
2 43662  97.3922 311.9522 0000650  46.1396 313.9890 15.16277732275804
2018-083B               
1 43663U 18083B   23296.18441195  .00024567  00000+0  71070-3 0  9998
2 43663  97.3686 321.8949 0008022  44.4912 315.6974 15.35572572276490
2018-083C               
1 43664U 18083C   23296.17235145  .00015862  00000+0  53404-3 0  9993
2 43664  97.3729 318.2857 0010131  48.4671 311.7437 15.30805725276391
2018-083D               
1 43665U 18083D   23296.06962623  .00018311  00000+0  60723-3 0  9994
2 43665  97.3729 318.9411 0011274  48.2835 311.9368 15.31252018276414
CUBEBEL-1 (BSUSAT-1)    
1 43666U 18083E   23296.15171150  .00067592  00000+0  11841-2 0  9993
2 43666  97.3665 329.3475 0007168  32.2102 327.9586 15.50335858276938
2018-083G               
1 43668U 18083G   23296.14338000  .00027576  00000+0  74476-3 0  9995
2 43668  97.3666 320.2428 0007650  43.8927 316.2924 15.37695949276569
CHANGSHAGAOXIN (TY 4-01)
1 43669U 18083H   23296.17979162  .00045475  00000+0  10050-2 0  9994
2 43669  97.3685 323.1127 0006697  40.6618 319.5129 15.43686777276627
TEN-KOH                 
1 43677U 18084G   23295.92138125  .00003888  00000+0  37033-3 0  9995
2 43677  98.0316  78.3659 0015787  86.6299 273.6725 14.93910523271124
DIWATA-2B               
1 43678U 18084H   23296.14041457  .00002407  00000+0  23136-3 0  9997
2 43678  98.0412  82.8796 0010548  98.0261 262.2156 14.93984394271365
STARS-AO                
1 43679U 18084J   23295.89519890  .00007458  00000+0  63030-3 0  9998
2 43679  98.0396  86.6723 0008945  99.5235 260.6998 14.98358557271541
AUTCUBE 2               
1 43681U 18084K   23295.38061034  .00004989  00000+0  44139-3 0  9992
2 43681  98.0394  83.7692 0009768  94.3063 265.9273 14.96739179271322
METOP-C                 
1 43689U 18087A   23296.15772242  .00000212  00000+0  11699-3 0  9999
2 43689  98.7158 353.6374 0003512  59.4499 300.7024 14.21488426257305
TIANPING 1B             
1 43714U 18094E   23296.18835052  .00011671  00000+0  35373-3 0  9994
2 43714  97.3876 308.2464 0011793  53.4306 306.8021 15.34230199274145
MOHAMMED VI-B           
1 43717U 18095A   23296.21223841  .00001482  00000+0  21698-3 0  9993
2 43717  97.9410   6.3865 0001063  89.8883 270.2449 14.77082784265139
HYSIS                   
1 43719U 18096A   23296.13428025  .00002321  00000+0  32350-3 0  9998
2 43719  97.8989 359.9373 0002619  46.6459 313.4970 14.78672732264362
GLOBAL-1                
1 43730U 18096M   23296.19334794  .00073964  00000+0  85198-3 0  9995
2 43730  97.3243  24.1876 0008127  75.3703 284.8455 15.61696656273872
REAKTOR HELLO WORLD     
1 43743U 18096AA  23295.86021167  .15419510  25267-5  20216-3 0  9994
2 43743  97.2858  29.3911 0011730 268.5420  91.4540 16.48838571274250
COSMOS 2530             
1 43751U 18097A   23296.15120547  .00000061  00000+0  36786-3 0  9991
2 43751  82.5093 103.1473 0019324 349.9846  10.0846 12.42905676222120
COSMOS 2531             
1 43752U 18097B   23296.17782685  .00000068  00000+0  42298-3 0  9993
2 43752  82.5138 103.8323 0016853   7.5989 352.5343 12.42875351222134
COSMOS 2532             
1 43753U 18097C   23296.12450855  .00000050  00000+0  28711-3 0  9995
2 43753  82.5083 103.0914 0018199  10.0728 350.0713 12.42875941222125
MINXSS-2                
1 43758U 18099A   23295.92503581  .00010114  00000+0  73958-3 0  9999
2 43758  97.5899 357.5087 0019402  52.6409 307.6580 15.03655427266925
SIRION PATHFINDER-2     
1 43759U 18099B   23296.13531486  .00004778  00000+0  38953-3 0  9994
2 43759  97.5608 354.1515 0015014  43.6301 316.6107 14.99841567266795
AISTECHSAT 2            
1 43768U 18099L   23296.14102773  .00005168  00000+0  42341-3 0  9998
2 43768  97.5519 352.0542 0010370  49.9652 310.2480 14.99658139266415
FOX-1CLIFF (AO-95)      
1 43770U 18099N   23296.12130718  .00008579  00000+0  66426-3 0  9998
2 43770  97.5780 354.3543 0015248  84.4209 275.8754 15.01591972266791
RANGE-A                 
1 43772U 18099Q   23295.42902508  .00008390  00000+0  61425-3 0  9991
2 43772  97.5604 356.7319 0006278  26.2272 333.9271 15.03801262266778
RANGE-B                 
1 43773U 18099R   23295.90114804  .00005784  00000+0  47343-3 0  9996
2 43773  97.5474 351.6622 0013511  58.2363 302.0175 14.99620016266690
HIBER-2                 
1 43774U 18099S   23295.90108589  .00011639  00000+0  82968-3 0  9998
2 43774  97.5802 357.3098 0012131  52.0331 308.1990 15.04669973266863
MOVE-II                 
1 43780U 18099Y   23295.68229577  .00011191  00000+0  75137-3 0  9994
2 43780  97.5564 357.1641 0009424  81.4080 278.8215 15.06937512266913
VESTA-1                 
1 43781U 18099Z   23295.90510415  .00009398  00000+0  69282-3 0  9994
2 43781  97.5576 354.0216 0008593  70.5392 289.6761 15.03492998266829
SNUSAT-2                
1 43782U 18099AA  23295.70426812  .00005682  00000+0  44585-3 0  9991
2 43782  97.5548 354.2826 0017440  23.5118 336.6900 15.01204460266756
SNUGLITE                
1 43784U 18099AC  23295.73531002  .00005780  00000+0  44684-3 0  9993
2 43784  97.5285 353.9107 0007166  51.8780 308.3090 15.01861070266805
ITASAT                  
1 43786U 18099AE  23295.76441213  .00004882  00000+0  38677-3 0  9999
2 43786  97.5542 354.8700 0020388  68.2453 292.0939 15.00858363266779
KAZSCISAT-1             
1 43787U 18099AF  23295.42154517  .00010652  00000+0  73060-3 0  9998
2 43787  97.5425 354.9397 0008850  60.0845 300.1260 15.06160887266904
EAGLET-I                
1 43790U 18099AJ  23296.11883115  .00005845  00000+0  47092-3 0  9996
2 43790  97.5609 355.5864 0016924  62.3885 297.9054 15.00181470266558
ESEO                    
1 43792U 18099AL  23296.15109311  .00002159  00000+0  18619-3 0  9999
2 43792  97.5539 353.6838 0013344  56.3123 303.9370 14.98242244266544
CSIM-FD                 
1 43793U 18099AM  23295.94431428  .00014302  00000+0  94968-3 0  9997
2 43793  97.5625 358.9062 0015651  55.4520 304.8183 15.07223745266809
ORBWEAVER 1             
1 43795U 18099AP  23296.13965256  .00032536  00000+0  17243-2 0  9991
2 43795  97.5620   2.5858 0002355  10.4336 349.6945 15.15314539267315
THEA                    
1 43796U 18099AQ  23295.75254241  .00006075  00000+0  45252-3 0  9995
2 43796  97.5804 357.5330 0015907  54.4831 305.7876 15.03175409265832
ASTROCAST 0.1           
1 43798U 18099AS  23295.76176791  .00008884  00000+0  62304-3 0  9998
2 43798  97.5713 357.8895 0012227  37.5043 322.7035 15.05355887266942
JY1SAT (JO-97)          
1 43803U 18099AX  23295.92114908  .00009372  00000+0  70574-3 0  9996
2 43803  97.5561 355.3007 0011263  37.0023 323.1977 15.02666844266866
SUOMI-100               
1 43804U 18099AY  23295.68252688  .00005979  00000+0  45587-3 0  9993
2 43804  97.5649 354.8596 0018972  40.9197 319.3448 15.02257305266824
AL-FARABI 2             
1 43805U 18099AZ  23295.92403690  .00011798  00000+0  84244-3 0  9991
2 43805  97.5462 356.2465 0012555  32.3643 327.8351 15.04598070266940
CENTAURI-1              
1 43809U 18099BD  23296.11062018  .00006260  00000+0  49768-3 0  9992
2 43809  97.5554 354.9888 0021065  57.8317 302.4947 15.00602768266548
GLOBAL-2                
1 43812U 18099BG  23295.88483550  .00004166  00000+0  34079-3 0  9999
2 43812  97.5423 353.6984 0014206  50.0496 310.1973 14.99794520266362
BRIO                    
1 43813U 18099BH  23295.89778617  .00013890  00000+0  93996-3 0  9999
2 43813  97.5997   1.5323 0008613  41.4488 318.7391 15.06599553266710
SPACEBEE-5              
1 43817U 18099BM  23296.16744700  .00078733  00000+0  25956-2 0  9997
2 43817  97.5771   9.4717 0002987 336.6320  23.4784 15.31138515267172
SEAHAWK-1               
1 43820U 18099BQ  23295.67273260  .00004560  00000+0  35796-3 0  9995
2 43820  97.5406 353.9573 0015775  66.5321 293.7560 15.01305687266207
SAUDISAT 5A             
1 43831U 18102A   23296.17816087  .00005035  00000+0  28835-3 0  9992
2 43831  97.4415   2.6160 0011466 284.9121  75.0840 15.13010254268575
SAUDISAT 5B             
1 43833U 18102C   23296.11126822  .00005532  00000+0  31165-3 0  9991
2 43833  97.4452   4.0255 0012316 290.3806  69.6102 15.13548687268638
2018-102D               
1 43834U 18102D   23296.16066516  .00008830  00000+0  45884-3 0  9997
2 43834  97.4546   6.5071 0011035 285.6278  74.3737 15.16267663268769
2018-102E               
1 43835U 18102E   23296.20592356  .00017211  00000+0  74422-3 0  9992
2 43835  97.4561   9.5930 0010277 273.2226  86.7834 15.22478195268976
2018-102F               
1 43836U 18102F   23296.12877296  .00019070  00000+0  81395-3 0  9995
2 43836  97.4610  10.7686 0010457 273.9969  86.0072 15.22896516268973
2018-102G               
1 43837U 18102G   23296.17462399  .00020483  00000+0  84352-3 0  9991
2 43837  97.4624  11.7696 0010256 274.8210  85.1856 15.24093884269056
2018-102H               
1 43838U 18102H   23296.14449309  .00030386  00000+0  11292-2 0  9990
2 43838  97.4403  11.6235 0010918 269.8468  90.1520 15.27432365269119
2018-102J               
1 43839U 18102J   23296.17984504  .00017862  00000+0  75106-3 0  9994
2 43839  97.4785  14.6596 0011577 279.5728  80.4201 15.23406290269072
CHOMPTT                 
1 43855U 18104G   23296.17162738  .00050773  00000+0  92795-3 0  9992
2 43855  85.0232  78.5508 0009099 193.9604 166.1403 15.49137633270326
CP11 (ISX)              
1 43856U 18104H   23295.91392679  .00053809  00000+0  10743-2 0  9998
2 43856  85.0202  81.6230 0008347 246.7993 113.2384 15.46585201269935
ISAT                    
1 43879U 18111D   23295.69144097  .00008863  00000+0  63422-3 0  9998
2 43879  97.6297 198.4420 0016173  90.2762 270.0317 15.04558050263492
UWE-4                   
1 43880U 18111E   23295.71023198  .00006375  00000+0  46143-3 0  9998
2 43880  97.6207 198.9776 0020265  98.8317 261.5205 15.04178132263525
D-STAR ONE (SPARROW)    
1 43881U 18111F   23295.73318626  .00007940  00000+0  56307-3 0  9996
2 43881  97.6378 199.9953 0012813 125.3799 234.8627 15.04972655263559
LEMUR-2-TINYKEV         
1 43883U 18111H   23296.02858356  .00023965  00000+0  14350-2 0  9996
2 43883  97.6209 203.0495 0012049  68.0054 292.2455 15.10943480261804
LEMUR-2-REMY-COLTON     
1 43884U 18111J   23295.68610117  .00013289  00000+0  83255-3 0  9998
2 43884  97.6345 203.5463 0003990  74.0670 286.0998 15.09481365261767
ZACUBE-2                
1 43907U 18111AH  23296.15694929  .00051425  00000+0  90512-3 0  9998
2 43907  97.1123 173.2986 0015079 102.8634 257.4303 15.50172008268908
LUME 1                  
1 43908U 18111AJ  23296.13624960  .00092484  00000+0  11277-2 0  9995
2 43908  97.1118 178.3387 0012773  89.9128 270.3593 15.60082955269239
MICRODRAGON             
1 43935U 19003D   23295.93537502  .00027389  00000+0  68342-3 0  9996
2 43935  97.0988 311.1865 0011175 198.3669 161.7176 15.40092394265053
NEXUS (FO-99)           
1 43937U 19003F   23296.04296902  .00446690  00000+0  15927-2 0  9997
2 43937  97.0619 323.6758 0007808 152.1881 207.9811 15.87791543266038
JILIN-1 09              
1 43943U 19005B   23296.18342259  .00006597  00000+0  36607-3 0  9995
2 43943  97.4949  28.2520 0019827  52.9103 307.3937 15.13919095262446
JILIN-1 10              
1 43946U 19005E   23296.15267666  .00006894  00000+0  37889-3 0  9996
2 43946  97.4946  28.2570 0032547  47.0611 313.3342 15.13952812262366
EGYPTSAT-A (MISRSAT-A)  
1 44047U 19008A   23296.10378911  .00001258  00000+0  20699-3 0  9993
2 44047  98.0177 358.7607 0001117  76.3115 283.8217 14.72288107250796
EMISAT                  
1 44078U 19018A   23296.14022282  .00000474  00000+0  15201-3 0  9991
2 44078  98.3733 354.7905 0017509 263.9636  95.9559 14.43695473240361
ASTROCAST 0.2           
1 44083U 19018F   23296.09016211  .00345455  00000+0  14982-2 0  9991
2 44083  97.2408 358.9464 0003376 222.7685 137.3323 15.83971654254373
AISTECHSAT-3            
1 44103U 19018AB  23296.11825866  .00056286  00000+0  96626-3 0  9998
2 44103  97.2345 354.3178 0007439 159.4504 200.7048 15.50955542254267
AIS & APRS & ARIS & R/B 
1 44104U 19018AC  23295.90323592  .00040982  00000+0  61175-3 0  9991
2 44104  97.3715  30.1498 0034151 149.6762 210.6477 15.54252388255508
JILIN-1 GAOFEN 3A       
1 44312U 19032C   23296.12560694  .00006949  00000+0  46852-3 0  9999
2 44312  44.9836 176.4738 0013362 206.4111 153.6084 15.07239682240697
XIAOXIANG 4             
1 44313U 19032D   23296.06276892  .00012995  00000+0  77989-3 0  9990
2 44313  44.9928 171.2036 0014500 202.9669 157.0560 15.10877813240772
WT 1A                   
1 44315U 19032F   23296.08461571  .00009749  00000+0  60171-3 0  9992
2 44315  44.9790 164.2761 0016552 219.7763 140.1900 15.10080558240827
WT 1B                   
1 44316U 19032G   23296.12505646  .00005113  00000+0  38021-3 0  9990
2 44316  44.9811 202.2351 0015923 185.2668 174.8040 15.03992808240351
PROX-1                  
1 44339U 19036A   23295.74632969  .00007705  00000+0  14787-2 0  9996
2 44339  24.0017 312.4508 0009397 228.1830 131.7861 14.61475984230263
NPSAT1                  
1 44340U 19036B   23295.77337852  .00005190  00000+0  10557-2 0  9991
2 44340  24.0023 326.8185 0010079 197.7907 162.2233 14.58227601230154
FORMOSAT 7-3            
1 44343U 19036E   23295.84430630  .00010257  00000+0  56766-3 0  9993
2 44343  24.0017 351.4420 0003761 310.3536  49.6639 15.11567602236834
FORMOSAT 7-1            
1 44349U 19036L   23295.97583219  .00009493  00000+0  52378-3 0  9990
2 44349  23.9990 166.5281 0003771 192.5061 167.5350 15.11576432238688
FORMOSAT 7-4            
1 44350U 19036M   23295.13912563  .00009816  00000+0  54256-3 0  9994
2 44350  23.9993 234.3887 0000333 246.8227 113.2242 15.11571581237910
FORMOSAT 7-2            
1 44351U 19036N   23295.29385637  .00008710  00000+0  47903-3 0  9991
2 44351  23.9997 287.6593 0003968 300.4256  59.5856 15.11570804237455
FORMOSAT 7-6            
1 44353U 19036Q   23295.55800777  .00007846  00000+0  42947-3 0  9991
2 44353  23.9990 106.6496 0006283 325.9215  34.0886 15.11563959235724
FORMOSAT 7-5            
1 44358U 19036V   23295.60180346  .00008028  00000+0  44008-3 0  9998
2 44358  24.0011  46.1155 0004543 328.0622  31.9607 15.11562556236335
METEOR-M2 2             
1 44387U 19038A   23296.14083688  .00000108  00000+0  66997-4 0  9996
2 44387  98.7936 259.8833 0000561 349.5254  10.5912 14.23817999223516
NSL-1                   
1 44391U 19038E   23295.92101542  .00039081  00000+0  17809-2 0  9994
2 44391  97.8871 283.2790 0014852 355.5231   4.5867 15.20454487235547
VDNH-80                 
1 44392U 19038G   23295.91800013  .00040297  00000+0  10930-2 0  9992
2 44392  97.6833 281.9826 0011726 191.9947 168.1020 15.37445317237878
D-STAR ONE (LIGHTSAT)   
1 44393U 19038H   23295.92337635  .00043335  00000+0  11275-2 0  9998
2 44393  97.6832 282.2548 0011629 189.3038 170.7992 15.38714460238098
AMGU-1 (AMURSAT)        
1 44394U 19038J   23295.95554449  .00048968  00000+0  11459-2 0  9997
2 44394  97.6799 282.9860 0010897 182.2498 177.8701 15.41919590238151
LEMUR-2-LILLYJO         
1 44396U 19038L   23295.96339634  .00105696  00000+0  19037-2 0  9999
2 44396  97.6448 283.9370 0014809 164.3188 195.8524 15.49302950238365
MOVE-IIB                
1 44398U 19038N   23296.12801363  .00202989  00000+0  19186-2 0  9991
2 44398  97.6661 286.9629 0012033 149.6442 210.5516 15.66273676238480
SONATE                  
1 44400U 19038Q   23295.91223810  .00015599  00000+0  63158-3 0  9994
2 44400  97.6985 276.5592 0017564 220.3184 139.6752 15.24635633237673
2019-038R               
1 44401U 19038R   23296.22792754  .00057723  00000+0  12450-2 0  9991
2 44401  97.6801 283.3821 0012866 176.4341 183.7000 15.44287644238201
LEMUR-2-WANLI           
1 44402U 19038S   23295.95318327  .00102959  00000+0  17193-2 0  9992
2 44402  97.6440 284.2131 0013555 163.1021 197.0685 15.51476842238383
SOKRAT                  
1 44404U 19038U   23295.94146731  .00054031  00000+0  12931-2 0  9993
2 44404  97.6815 282.3815 0011407 186.8706 173.2385 15.41211226238111
LEMUR-2-DUSTINTHEWIND   
1 44405U 19038V   23296.20657147  .00083053  00000+0  17431-2 0  9998
2 44405  97.6560 283.1018 0015693 164.4047 195.7688 15.44940860238328
LUCKY-7                 
1 44406U 19038W   23295.91054667  .00023359  00000+0  83331-3 0  9990
2 44406  97.6933 278.4375 0015762 209.6611 150.3736 15.28773578237807
LEMUR-2-ALEX-MADDY      
1 44407U 19038X   23295.91919588  .00047152  00000+0  12918-2 0  9992
2 44407  97.6683 280.3873 0013991 194.0635 166.0221 15.37067383238028
LEMUR-2-EJATTA          
1 44409U 19038Z   23295.92768321  .00092659  00000+0  18116-2 0  9990
2 44409  97.6507 284.1239 0014397 161.7903 198.3864 15.46996999238387
LEMUR-2-GREGROBINSON    
1 44411U 19038AB  23295.87342090  .00104408  00000+0  20013-2 0  9993
2 44411  97.6514 284.9178 0015767 185.3446 174.7638 15.47502403238037
BEESAT 9                
1 44412U 19038AC  23295.90773244  .00044528  00000+0  11650-2 0  9990
2 44412  97.6847 281.5170 0011800 192.9386 167.1557 15.38535062237732
LEMUR-2-YNDRD           
1 44413U 19038AD  23296.19664022  .00052704  00000+0  13765-2 0  9990
2 44413  97.6658 280.9241 0013339 182.4537 177.6644 15.38527417238117
JAISAT-1                
1 44419U 19038F   23295.96633359  .00043853  00000+0  11416-2 0  9995
2 44419  97.6836 282.7010 0011631 187.9135 172.1927 15.38694792238128
COSMOS 2535             
1 44421U 19039A   23296.19997346  .00001769  00000+0  20033-3 0  9990
2 44421  97.7036 341.1328 0009007 175.3901 184.7400 14.87618021232406
QIANSHENG 1-01          
1 44486U 19052A   23296.14305971  .00016397  00000+0  80759-3 0  9992
2 44486  97.4439   2.7225 0017458  55.5337 304.7544 15.17908268230509
TIANQI-2                
1 44488U 19052C   23296.17344601  .00022446  00000+0  91046-3 0  9993
2 44488  97.4428   5.4527 0016656  47.9578 312.3074 15.24503057230693
GLOBAL-4                
1 44499U 19054E   23296.05561035  .00013055  00000+0  55478-3 0  9991
2 44499  45.0101 216.0898 0010558 250.5552 109.4189 15.23035796231234
XIAOXIANG 1-07          
1 44519U 19058A   23296.16673643  .00018027  00000+0  12949-2 0  9998
2 44519  97.8019 306.4287 0011740 318.9501  41.0840 15.04290392225808
ZY-1 02D                
1 44528U 19059A   23296.20556820  .00000327  00000+0  12889-3 0  9999
2 44528  98.4374   9.2827 0001659 107.6575 252.4792 14.35427891215474
TAURUS-1 (JINNIUZUO 1)  
1 44530U 19059C   23296.15730693  .00006284  00000+0  15800-2 0  9991
2 44530  98.5614  46.0916 0012750  65.0132 295.2385 14.51531902217194
ZHUHAI-1 03A            
1 44534U 19060A   23296.17313792  .00040453  00000+0  99876-3 0  9998
2 44534  97.4879  53.2421 0014227 139.3538 220.8772 15.40297438227418
ZHUHAI-1 03B            
1 44536U 19060C   23296.22155696  .00038184  00000+0  94884-3 0  9995
2 44536  97.4904  53.6309 0006385 156.1494 204.0049 15.40197920227430
ZHUHAI-1 03C            
1 44537U 19060D   23296.21411534  .00038570  00000+0  96623-3 0  9993
2 44537  97.4818  52.2087 0009533 182.6327 177.4870 15.39923416227430
ZHUHAI-1 03D            
1 44538U 19060E   23296.13294915  .00041082  00000+0  10230-2 0  9998
2 44538  97.4769  51.6237 0007273 180.3197 179.8045 15.40111451227424
ZHUHAI-1 03E            
1 44539U 19060F   23296.15787068  .00039712  00000+0  96599-3 0  9997
2 44539  97.4935  53.9883 0010191 169.9783 190.1669 15.40805101227430
GAOFEN-7                
1 44703U 19072A   23296.16628073  .00007968  00000+0  36209-3 0  9994
2 44703  97.3618  10.3138 0004580 109.8414 250.3315 15.21010138220469
HUANGPU-1               
1 44705U 19072C   23296.05662230  .00487871  00000+0  16932-2 0  9992
2 44705  97.3582  32.5060 0005286 242.7578 117.3155 15.88264534221956
JILIN-1 GAOFEN 2A       
1 44777U 19075A   23296.16959439  .00008094  00000+0  44117-3 0  9999
2 44777  97.6142 355.6740 0006043  57.6286 302.5529 15.14644141217330
NINGXIA-1 1             
1 44779U 19076A   23296.20464639  .00000050  00000+0  11718-3 0  9995
2 44779  45.0061 184.7318 0010702 259.9151 100.0476 14.01813635202029
NINGXIA-1 5             
1 44783U 19076E   23296.14734188  .00000060  00000+0  12396-3 0  9996
2 44783  45.0057 184.3565 0011675 247.7825 112.1770 14.01821142202025
KL-ALPHA A              
1 44785U 19077A   23295.89428965  .00000070  00000+0  82508-4 0  9997
2 44785  88.9181 329.9270 0012608  57.9959 302.2419 13.55880836194516
COSMOS 2542             
1 44797U 19079A   23296.31177495  .03800954  26066-5  11299-2 0  9994
2 44797  97.6295  43.2382 0008906 282.8620 153.9631 16.27056061216252
CARTOSAT-3              
1 44804U 19081A   23296.20462465  .00005684  00000+0  27242-3 0  9992
2 44804  97.3309 350.5753 0011240 295.1398  64.8670 15.19247828216452
FLOCK 4P-7              
1 44816U 19081N   23295.76861487  .00042419  00000+0  63926-3 0  9998
2 44816  97.3394   8.7151 0002567 249.7389 110.3589 15.54676925217629
FLOCK 4P-5              
1 44818U 19081Q   23295.70993262  .00038623  00000+0  63223-3 0  9993
2 44818  97.3405   7.7305 0004507 261.0209  99.0534 15.52396067217557