STARLINK-3864           
1 52468U 22049T   23295.91174919  .00001705  00000+0  12521-3 0  9990
2 52468  53.2170 359.2197 0001508  99.0548 261.0615 15.08837947 81091
STARLINK-3859           
1 52470U 22049V   23295.90439347  .00000102  00000+0  24526-4 0  9990
2 52470  53.2181 359.2534 0001545  88.7980 271.3190 15.08832343 81252
STARLINK-3881           
1 52472U 22049X   23295.90071114  .00001508  00000+0  11281-3 0  9990
2 52472  53.2183 359.2715 0001726  91.5210 268.5979 15.08836632 81096
STARLINK-3916           
1 52492U 22049AT  23295.88323203  .00005312  00000+0  35155-3 0  9991
2 52492  53.2169 349.3460 0001219  69.8456 290.2667 15.08841722 81234
STARLINK-3857           
1 52494U 22049AV  23295.87219093  .00000553  00000+0  52873-4 0  9992
2 52494  53.2197 349.3914 0001785  84.2058 275.9137 15.08834962 81238
STARLINK-3925           
1 52498U 22049AZ  23295.85471124  .00001512  00000+0  11306-3 0  9990
2 52498  53.2182 339.4742 0001453  95.7104 264.4054 15.08838251 81366
STARLINK-3952           
1 52534U 22051B   23295.64403069 -.00001483  00000+0 -75125-4 0  9993
2 52534  53.2179  70.4134 0001268 101.1504 258.9631 15.08827976 80988
STARLINK-3958           
1 52535U 22051C   23295.64035291  .00000102  00000+0  24530-4 0  9991
2 52535  53.2183  70.4327 0001378  77.3170 282.7976 15.08830732 80243
STARLINK-3931           
1 52548U 22051R   23295.65507280 -.00000102  00000+0  11657-4 0  9995
2 52548  53.2164  70.3702 0001440  81.2600 278.8555 15.08826513 80256
STARLINK-3956           
1 52560U 22051AD  23295.64494822  .00001042  00000+0  83559-4 0  9998
2 52560  53.2167  60.4135 0001383  97.7753 262.3396 15.08833650 80385
STARLINK-3942           
1 52563U 22051AG  23295.69692625 -.00000143  00000+0  91171-5 0  9999
2 52563  53.2170  75.1811 0001164  88.5446 271.5679 15.08832727 80188
STARLINK-3938           
1 52566U 22051AK  23295.66749058 -.00000218  00000+0  44225-5 0  9993
2 52566  53.2163  75.3126 0001331  86.6464 273.4680 15.08831239 80189
STARLINK-3930           
1 52568U 22051AM  23296.08654889 -.00001057  00000+0 -48293-4 0  9990
2 52568  53.2187  58.4317 0001418  83.4609 276.6545 15.08846050 80523
STARLINK-3867           
1 52587U 22051BD  23295.64221098  .00004345  00000+0  29105-3 0  9995
2 52587  53.2184  60.2773 0001500  88.5677 271.5486 15.08819537 80394
STARLINK-4019           
1 52598U 22052A   23296.08793501  .00012475  00000+0  80087-3 0  9999
2 52598  53.2170 223.4285 0001459  71.5860 288.5290 15.08822000 80021
STARLINK-4012           
1 52602U 22052E   23295.52718850 -.00002711  00000+0 -15228-3 0  9996
2 52602  53.2177 220.9418 0002489  73.7638 286.3627 15.08837087 80015
STARLINK-4011           
1 52615U 22052T   23296.06953319 -.00007394  00000+0 -44710-3 0  9991
2 52615  53.2165 223.5099 0001301 110.5522 249.5610 15.08829263 80025
STARLINK-3983           
1 52618U 22052W   23296.07643384  .00014285  00000+0  91459-3 0  9990
2 52618  53.2156 208.4782 0001497  70.4381 289.6773 15.08807934 80231
STARLINK-4009           
1 52624U 22052AC  23296.06635297  .00024597  00000+0  15598-2 0  9996
2 52624  53.2164 208.5054 0001370  74.7724 285.3420 15.08801939 80239
STARLINK-3992           
1 52627U 22052AF  23296.04331258  .00017128  00000+0  10921-2 0  9994
2 52627  53.2151 208.6261 0001348 104.6561 255.4581 15.08825195 80232
STARLINK-3968           
1 52639U 22052AT  23295.92647385 -.00005191  00000+0 -30843-3 0  9999
2 52639  53.2145 199.1510 0002251  73.2770 286.8469 15.08822753 80786
STARLINK-3973           
1 52645U 22052AZ  23296.05160670  .00018700  00000+0  11907-2 0  9995
2 52645  53.2148 198.6954 0001530  68.2205 291.8950 15.08815577 80370
STARLINK-4082           
1 52658U 22053C   23295.75764951 -.00001180  00000+0 -56082-4 0  9999
2 52658  53.2159  94.9060 0001358  78.2184 281.8961 15.08829187 80055
STARLINK-3960           
1 52659U 22053D   23295.75860386 -.00001090  00000+0 -50394-4 0  9999
2 52659  53.2162  94.9034 0001290  82.0416 278.0722 15.08831477 80044
STARLINK-4042           
1 52661U 22053F   23295.74660675  .00000124  00000+0  25909-4 0  9999
2 52661  53.2159  94.9545 0001227  83.7991 276.3141 15.08833670 79867
STARLINK-4070           
1 52664U 22053J   23295.74292888 -.00000099  00000+0  11901-4 0  9998
2 52664  53.2155  94.9720 0001395  78.7055 281.4094 15.08832947 79862
STARLINK-3972           
1 52669U 22053P   23295.70980824  .00000425  00000+0  44809-4 0  9998
2 52669  53.2150  95.1216 0001369  95.5446 264.5702 15.08835251 79855
STARLINK-4075           
1 52670U 22053Q   23295.73189873 -.00001326  00000+0 -65287-4 0  9994
2 52670  53.2169  95.0891 0001397  97.8080 262.3070 15.08823842 79863
STARLINK-4006           
1 52676U 22053W   23295.76868813  .00001149  00000+0  90299-4 0  9993
2 52676  53.2158  94.8606 0001431  90.5398 269.5758 15.08837032 79867
STARLINK-4005           
1 52686U 22053AG  23296.13392516 -.00000844  00000+0 -34936-4 0  9997
2 52686  53.2179  83.2161 0001074  85.0514 275.0601 15.08841922 79627
STARLINK-4078           
1 52689U 22053AK  23295.71072790  .00000024  00000+0  19602-4 0  9993
2 52689  53.2163  85.1170 0001270  78.5122 281.6012 15.08833540 79967
STARLINK-3946           
1 52693U 22053AP  23295.69968794 -.00000484  00000+0 -12349-4 0  9996
2 52693  53.2160  85.1682 0001254  94.7997 265.3139 15.08829289 79963
STARLINK-4041           
1 52695U 22053AR  23295.75256487 -.00000078  00000+0  13168-4 0  9992
2 52695  53.2162  89.7303 0001501  86.4703 273.6461 15.08830456 79918
STARLINK-3987           
1 52699U 22053AV  23296.09943354  .00000935  00000+0  76829-4 0  9994
2 52699  53.2165  78.3981 0001376  83.2909 276.8240 15.08835249 79683
STARLINK-4033           
1 52702U 22053AY  23296.04330463 -.00004141  00000+0 -24229-3 0  9996
2 52702  53.2162  88.6524 0001312 120.8468 239.2653 15.08828207 79542
STARLINK-4020           
1 52703U 22053AZ  23295.67117312 -.00002353  00000+0 -12984-3 0  9999
2 52703  53.2151  75.3082 0001478  94.8674 265.2487 15.08825792 78847
STARLINK-4036           
1 52837U 22062H   23295.80916302  .00033269  00000+0  20970-2 0  9999
2 52837  53.2171 334.6813 0001471  89.0942 271.0219 15.08867201 74617
STARLINK-4188           
1 52843U 22062P   23295.84964759  .00001607  00000+0  11902-3 0  9996
2 52843  53.2198 334.4970 0001476  86.6470 273.4691 15.08836755 75115
STARLINK-4208           
1 52844U 22062Q   23295.40068635  .00005411  00000+0  35775-3 0  9998
2 52844  53.2162 336.5145 0001424  79.7588 280.3565 15.08847584 74556
STARLINK-4206           
1 52847U 22062T   23295.84228908  .00000915  00000+0  75547-4 0  9996
2 52847  53.2177 334.5309 0001533  97.4402 262.6764 15.08841698 74620
STARLINK-4189           
1 52853U 22062Z   23296.21952386  .00001468  00000+0  11028-3 0  9996
2 52853  53.2185 322.8085 0001620  85.3594 274.7583 15.08840427 75300
STARLINK-4199           
1 52857U 22062AD  23295.81008674  .00004270  00000+0  28615-3 0  9991
2 52857  53.2183 324.6696 0001835  90.8415 269.2787 15.08848448 75240
STARLINK-4195           
1 52870U 22062AS  23295.78064710  .00000398  00000+0  43126-4 0  9997
2 52870  53.2177 324.8086 0001874  99.7118 260.4085 15.08837043 74752
STARLINK-4139           
1 52879U 22062BB  23295.77789422  .00002167  00000+0  15421-3 0  9991
2 52879  53.2174 314.8178 0001429  93.8956 266.2200 15.08837327 75388
STARLINK-4192           
1 52881U 22062BD  23295.75681276 -.00001575  00000+0 -80902-4 0  9991
2 52881  53.2168 315.3119 0001337  93.3110 266.8035 15.08838118 75370
STARLINK-4181           
1 52882U 22062BE  23295.77885441  .00001123  00000+0  88682-4 0  9994
2 52882  53.2175 314.8638 0001794  84.4824 275.6373 15.08837538 74893
STARLINK-4291           
1 52988U 22076C   23295.96924416  .00003175  00000+0  21749-3 0  9992
2 52988  53.2180  33.9592 0001162  96.4538 263.6586 15.08835277 72167
STARLINK-4264           
1 52993U 22076H   23295.56813107  .00001235  00000+0  95708-4 0  9990
2 52993  53.2174  35.7591 0001498  98.7110 261.4052 15.08833824 71639
STARLINK-4301           
1 52997U 22076M   23295.50937272  .00009889  00000+0  42812-3 0  9998
2 52997  53.2425  17.5964 0003102 193.2134 166.8784 15.23039989 71890
STARLINK-4288           
1 53005U 22076V   23295.98765080 -.00000968  00000+0 -42747-4 0  9996
2 53005  53.2178  33.8773 0001275  81.6468 278.4669 15.08838764 72179
STARLINK-4265           
1 53011U 22076AB  23295.96281285  .00001319  00000+0  10098-3 0  9993
2 53011  53.2192  23.9921 0001560  91.2890 268.8281 15.08833078 72301
STARLINK-4177           
1 53013U 22076AD  23295.95545045  .00001184  00000+0  92483-4 0  9990
2 53013  53.2191  24.0230 0001283  79.8764 280.2372 15.08836186 72303
STARLINK-4281           
1 53017U 22076AH  23295.54697459 -.00001602  00000+0 -82632-4 0  9998
2 53017  53.2178  25.8527 0001425  96.4342 263.6812 15.08824517 71785
STARLINK-4203           
1 53021U 22076AM  23295.53224866  .00001413  00000+0  10688-3 0  9999
2 53021  53.2176  25.9212 0001475  87.0626 273.0535 15.08835169 71777
STARLINK-4143           
1 53029U 22076AV  23295.49637239  .00000725  00000+0  63653-4 0  9990
2 53029  53.2184  16.0777 0001658 100.1996 259.9183 15.08830762 71902
STARLINK-4137           
1 53031U 22076AX  23295.55156669  .00002730  00000+0  18954-3 0  9994
2 53031  53.2187  15.8370 0001529 100.0249 260.0916 15.08841053 71914
STARLINK-4115           
1 53032U 22076AY  23295.58008926  .00001791  00000+0  13061-3 0  9990
2 53032  53.2174  25.7066 0001679  87.1700 272.9484 15.08835885 72252
STARLINK-4154           
1 53133U 22083B   23295.77379467  .00000436  00000+0  43767-4 0  9994
2 53133  53.2149 115.1012 0001436  88.9633 271.1524 15.10473605 70026
STARLINK-4023           
1 53135U 22083D   23295.81100942 -.00001403  00000+0 -70075-4 0  9990
2 53135  53.2149 114.6679 0001316  79.5324 280.5816 15.08830503 70671
STARLINK-4185           
1 53139U 22083H   23295.78893122  .00000373  00000+0  41507-4 0  9990
2 53139  53.2150 114.7664 0001300  91.5836 268.5305 15.08832521 70049
STARLINK-4170           
1 53140U 22083J   23295.79260948  .00001746  00000+0  12780-3 0  9992
2 53140  53.2154 114.7509 0001469  91.2428 268.8732 15.08837817 70043
STARLINK-4101           
1 53142U 22083L   23295.78525204  .00005858  00000+0  38576-3 0  9991
2 53142  53.2150 114.7817 0001409  89.3525 270.7629 15.08845158 70058
STARLINK-4102           
1 53143U 22083M   23295.77052975  .00001399  00000+0  10595-3 0  9998
2 53143  53.2163 114.8491 0001368  91.1965 268.9184 15.08837119 70047
STARLINK-4021           
1 53149U 22083T   23295.78716251 -.00005594  00000+0 -33389-3 0  9998
2 53149  53.2159 104.9782 0001520  88.3081 271.8085 15.08816604 70182
STARLINK-4098           
1 53153U 22083X   23295.79352704  .00001104  00000+0  87446-4 0  9998
2 53153  53.2157 104.7475 0001366  98.4594 261.6553 15.08839138 70185
STARLINK-4088           
1 53155U 22083Z   23296.18361821  .00007881  00000+0  51297-3 0  9996
2 53155  53.2160 102.9974 0001390  89.3909 270.7243 15.08819901 70870
STARLINK-4093           
1 53157U 22083AB  23295.71257191 -.00000098  00000+0  11926-4 0  9990
2 53157  53.2161 105.1117 0001142  91.0405 269.0718 15.08830959 70170
STARLINK-4090           
1 53165U 22083AK  23296.08056272 -.00009618  00000+0 -58656-3 0  9995
2 53165  53.2154 103.4560 0001315  91.0449 269.0694 15.08869211 70866
STARLINK-4117           
1 53169U 22083AP  23295.74526583  .00000437  00000+0  45542-4 0  9997
2 53169  53.2167  90.2220 0001283  80.9888 279.1250 15.08828468 70373
STARLINK-4299           
1 53172U 22083AS  23295.77374234 -.00000205  00000+0  52178-5 0  9996
2 53172  53.2166  99.7499 0001184  88.4305 271.6823 15.08831863 70247
STARLINK-4300           
1 53173U 22083AT  23295.72774903  .00000768  00000+0  66319-4 0  9993
2 53173  53.2176  80.0289 0001349  91.5220 268.5926 15.08835821 70510
STARLINK-4276           
1 53179U 22083AZ  23295.73827849 -.00002119  00000+0 -11509-3 0  9992
2 53179  53.2169  64.5903 0001454  74.3807 285.7345 15.08831621 70739
STARLINK-4124           
1 53245U 22086D   23295.89657331  .00002055  00000+0  14722-3 0  9990
2 53245  53.2152 144.2851 0001517  85.5797 274.5368 15.08833929 70100
STARLINK-4133           
1 53253U 22086M   23295.82757626  .00002898  00000+0  20013-3 0  9995
2 53253  53.2152 134.5934 0001764  94.2830 265.8364 15.08836196 69894
STARLINK-3950           
1 53264U 22086Y   23295.86805168 -.00001760  00000+0 -92498-4 0  9992
2 53264  53.2173 134.4144 0001706  83.9583 276.1604 15.08835247 69907
STARLINK-4057           
1 53269U 22086AD  23295.83953529 -.00000749  00000+0 -28983-4 0  9993
2 53269  53.2156 124.5428 0001771  83.0596 277.0598 15.08829814 69854
STARLINK-4051           
1 53273U 22086AH  23296.15601290  .00001385  00000+0  10508-3 0  9997
2 53273  53.2165 123.1205 0001275  92.2281 267.8857 15.08834893 69903
STARLINK-4107           
1 53287U 22086AX  23296.17809060  .00001723  00000+0  12630-3 0  9993
2 53287  53.2147 123.0226 0001415  85.4557 274.6596 15.08838132 69913
STARLINK-4534           
1 53395U 22097H   23295.63257136 -.00000643  00000+0 -22298-4 0  9990
2 53395  53.2164  65.4779 0001783  94.5268 265.5928 15.08827366 67319
STARLINK-4524           
1 53396U 22097J   23296.08056882 -.00000728  00000+0 -27634-4 0  9999
2 53396  53.2169  63.4578 0001385  79.9109 280.2040 15.08840087 66895
STARLINK-4528           
1 53399U 22097M   23295.68681223  .00000844  00000+0  71138-4 0  9995
2 53399  53.2181  65.2212 0001504  93.3792 266.7373 15.08829207 67326
STARLINK-4520           
1 53400U 22097N   23295.66472854  .00000802  00000+0  68491-4 0  9996
2 53400  53.2172  65.3264 0000811  82.5355 277.5730 15.08829085 67323
STARLINK-4499           
1 53402U 22097Q   23296.05849013  .00000182  00000+0  29540-4 0  9990
2 53402  53.2172  63.5571 0001228  96.7435 263.3697 15.08836612 66895
STARLINK-4537           
1 53407U 22097V   23296.03827690  .00001202  00000+0  93606-4 0  9998
2 53407  53.2183  43.8811 0001277  84.5527 275.5611 15.08839798 67161
STARLINK-4304           
1 53414U 22097AC  23296.02261318 -.00000652  00000+0 -22897-4 0  9998
2 53414  53.2194  53.7174 0001237  98.4491 261.6642 15.08835717 67025
STARLINK-4531           
1 53425U 22097AP  23295.59941956 -.00000879  00000+0 -37147-4 0  9999
2 53425  53.2176  55.6182 0001639  85.9826 274.1353 15.08827121 67417
STARLINK-4498           
1 53434U 22097AY  23295.59293610  .00000609  00000+0  56367-4 0  9990
2 53434  53.2179  45.3700 0001487  82.8007 277.3154 15.08833262 67596
STARLINK-4526           
1 53438U 22097BC  23295.58556991  .00000352  00000+0  40210-4 0  9992
2 53438  53.2176  45.3254 0001740  94.1851 265.9341 15.08828970 67597
STARLINK-4519           
1 53439U 22097BD  23295.99502135 -.00000671  00000+0 -24073-4 0  9994
2 53439  53.2185  43.6123 0001380  79.8311 280.2837 15.08839311 67169
STARLINK-4483           
1 53532U 22101F   23295.93060877  .00001719  00000+0  12610-3 0  9995
2 53532  53.2169  14.1361 0001175  90.5971 269.5156 15.08834987 65016
STARLINK-4118           
1 53538U 22101M   23295.90208991  .00000199  00000+0  30592-4 0  9990
2 53538  53.2186   4.2621 0001324  97.8205 262.2937 15.08833885 65839
STARLINK-4477           
1 53546U 22101V   23295.89927634  .00002258  00000+0  15993-3 0  9994
2 53546  53.2166 353.8036 0001498 101.1414 258.9747 15.08833352 65292
STARLINK-4508           
1 53559U 22101AJ  23295.91680953  .00001525  00000+0  11391-3 0  9995
2 53559  53.2181   4.1996 0001890  67.4836 292.6356 15.08841203 65152
STARLINK-4576           
1 53566U 22101AR  23295.87357042  .00000291  00000+0  36401-4 0  9997
2 53566  53.2196 354.3759 0001336  91.3728 268.7417 15.08830652 65972
STARLINK-4547           
1 53573U 22101AY  23295.85883285  .00000752  00000+0  65378-4 0  9993
2 53573  53.2181 354.2847 0001695  73.4199 286.6979 15.08835514 65280
STARLINK-4689           
1 53590U 22104C   23295.96283884 -.00001679  00000+0 -87463-4 0  9996
2 53590  53.2168 184.1949 0001432 103.7495 256.3657 15.08833359 63776
STARLINK-4672           
1 53592U 22104E   23295.95642686 -.00002656  00000+0 -14894-3 0  9999
2 53592  53.2155 184.1575 0001607  75.9745 284.1426 15.08821914 63778
STARLINK-4676           
1 53598U 22104L   23296.00635897 -.00001217  00000+0 -55553-4 0  9998
2 53598  53.2166 183.7553 0001721  74.5922 285.5261 15.10454526 63783
STARLINK-4693           
1 53605U 22104T   23295.92230449 -.00006312  00000+0 -37903-3 0  9990
2 53605  53.2152 183.9447 0001291  58.0903 302.0214 15.08818854 64463
STARLINK-4573           
1 53623U 22104AM  23295.93060478  .00020417  00000+0  12978-2 0  9998
2 53623  53.2154 174.0109 0001386  74.4930 285.6215 15.08822580 64590
STARLINK-4595           
1 53627U 22104AR  23295.91585757 -.00002507  00000+0 -13950-3 0  9996
2 53627  53.2156 173.9187 0001509  89.1900 270.9265 15.08829256 64608
STARLINK-4422           
1 53639U 22104BD  23295.92046476  .00006735  00000+0  44083-3 0  9996
2 53639  53.2159 163.9621 0001775  74.9165 285.2024 15.08842119 64904
STARLINK-4711           
1 53701U 22107B   23295.91124295 -.00002023  00000+0 -10910-3 0  9994
2 53701  53.2171 183.8047 0001452  87.5738 272.5420 15.08830065 63702
STARLINK-4731           
1 53703U 22107D   23295.92599177 -.00003208  00000+0 -18371-3 0  9997
2 53703  53.2168 183.8945 0001147  63.5816 296.5293 15.08813723 63705
STARLINK-4699           
1 53716U 22107S   23295.98761841  .00018047  00000+0  11498-2 0  9993
2 53716  53.2152 193.5539 0001247  68.7592 291.3533 15.08816483 62815
STARLINK-4642           
1 53720U 22107W   23295.92874225  .00013752  00000+0  88085-3 0  9998
2 53720  53.2155 193.8967 0001669 111.7886 248.3283 15.08824024 63268
STARLINK-4707           
1 53721U 22107X   23296.20107947  .00017789  00000+0  11337-2 0  9990
2 53721  53.2165 192.7525 0001812  75.8424 284.2769 15.08814964 62849
STARLINK-4616           
1 53734U 22107AL  23296.02446311  .00016044  00000+0  10247-2 0  9997
2 53734  53.2160 193.7856 0001328  68.9154 291.1980 15.08809352 62815
STARLINK-4652           
1 53736U 22107AN  23296.03551779  .00014279  00000+0  91406-3 0  9990
2 53736  53.2164 193.8537 0001298  80.0388 280.0751 15.08813977 62819
STARLINK-4662           
1 53738U 22107AQ  23296.06398114 -.00000061  00000+0  14251-4 0  9996
2 53738  53.2152 203.3078 0001163 113.4616 246.6498 15.08834350 62680
STARLINK-4669           
1 53748U 22107BA  23296.03459901 -.00001983  00000+0 -10659-3 0  9998
2 53748  53.2176 203.8322 0001403  83.2053 276.9098 15.08825655 62679
STARLINK-4680           
1 53749U 22107BB  23296.03827492  .00010301  00000+0  66480-3 0  9998
2 53749  53.2176 203.8212 0001507  69.1983 290.9171 15.08813502 62674
STARLINK-4666           
1 53789U 22111S   23296.04097994  .00022964  00000+0  14568-2 0  9991
2 53789  53.2156 213.3593 0001532  74.5873 285.5288 15.08825191 61754
STARLINK-4734           
1 53790U 22111T   23296.05571751  .00013671  00000+0  87560-3 0  9990
2 53790  53.2170 213.4488 0001504 102.2868 257.8293 15.08830645 61756
STARLINK-4728           
1 53793U 22111W   23296.04562584  .00023104  00000+0  14659-2 0  9996
2 53793  53.2156 213.3871 0001842  78.3769 281.7430 15.08817141 61751
STARLINK-4721           
1 53796U 22111Z   23296.04280383 -.00000115  00000+0  10853-4 0  9995
2 53796  53.2176 193.2977 0001444  95.6218 264.4939 15.08849701 62118
STARLINK-4723           
1 53797U 22111AA  23296.09248013  .00019623  00000+0  12486-2 0  9990
2 53797  53.2151 212.9691 0001439  68.6386 291.4760 15.08810669 61767
STARLINK-4710           
1 53799U 22111AC  23296.07234200  .00022069  00000+0  14015-2 0  9991
2 53799  53.2153 203.5665 0001666  68.5394 291.5776 15.08810436 61870
STARLINK-4752           
1 53821U 22114D   23295.93568284  .00000041  00000+0  20664-4 0  9991
2 53821  53.2160 188.9196 0001310  89.5906 270.5236 15.08832849 62452
STARLINK-4751           
1 53825U 22114H   23296.17810800  .00017660  00000+0  11253-2 0  9993
2 53825  53.2164 243.1618 0001442 109.7091 250.4056 15.08826351 61175
STARLINK-4756           
1 53826U 22114J   23296.15968496  .00001458  00000+0  10972-3 0  9993
2 53826  53.2164 243.0494 0001509  84.1516 275.9648 15.08826764 61176
STARLINK-4760           
1 53828U 22114L   23296.15599851  .00000740  00000+0  64602-4 0  9993
2 53828  53.2165 243.0265 0001243  77.4358 282.6773 15.08831548 61179
STARLINK-4771           
1 53833U 22114R   23296.15231213  .00005067  00000+0  33625-3 0  9991
2 53833  53.2171 243.0032 0001515 109.1901 250.9255 15.08837805 61178
STARLINK-4773           
1 53838U 22114W   23296.11278869  .00004650  00000+0  31007-3 0  9999
2 53838  53.2161 233.4804 0001464 106.9174 253.1979 15.08840589 61308
STARLINK-4745           
1 53844U 22114AC  23295.55708745 -.00000251  00000+0  23551-5 0  9995
2 53844  53.2194 235.6974 0002523  77.6286 282.4988 15.08823505 61223
STARLINK-4770           
1 53849U 22114AH  23296.14955312  .00018405  00000+0  11722-2 0  9993
2 53849  53.2159 233.0030 0001376  67.9372 292.1766 15.08816165 61313
STARLINK-4797           
1 53852U 22114AL  23296.08930694 -.00004168  00000+0 -24402-3 0  9999
2 53852  53.2170 228.3476 0001761  92.1750 267.9444 15.08826540 61376
STARLINK-4703           
1 53855U 22114AP  23295.54329947  .00001169  00000+0  91617-4 0  9994
2 53855  53.2161 235.6119 0004007  76.6043 283.5396 15.08839537 61226
STARLINK-4790           
1 53859U 22114AT  23296.12975229  .00020579  00000+0  13082-2 0  9997
2 53859  53.2158 227.8942 0001444  66.5617 293.5527 15.08814956 61382
STARLINK-4785           
1 53865U 22114AZ  23296.07687214 -.00000691  00000+0 -25323-4 0  9990
2 53865  53.2197 223.2736 0002089 113.3822 246.7390 15.08828757 61447
STARLINK-4740           
1 53871U 22114BF  23296.12285066  .00017974  00000+0  11442-2 0  9997
2 53871  53.2155 202.8887 0001543  83.4220 276.6948 15.08850377 61737
STARLINK-5028           
1 53886U 22119A   23296.09899849 -.00001645  00000+0 -85328-4 0  9990
2 53886  53.2170 263.6080 0001414  84.3863 275.7290 15.08835193 60132
STARLINK-5029           
1 53887U 22119B   23296.08794781  .00001038  00000+0  83350-4 0  9996
2 53887  53.2183 263.5369 0002283  85.4464 274.6789 15.08835441 60137
STARLINK-5021           
1 53902U 22119S   23295.51474195 -.00001709  00000+0 -89323-4 0  9998
2 53902  53.2166 215.7534 0002355  85.9964 274.1297 15.08831987 60757
STARLINK-5022           
1 53903U 22119T   23296.12566175 -.00000527  00000+0 -14988-4 0  9999
2 53903  53.2168 263.0599 0001974 122.9990 237.1192 15.08839931 60147
STARLINK-5063           
1 53907U 22119X   23295.63891191 -.00005554  00000+0 -33111-3 0  9990
2 53907  53.2157 265.0045 0001827  77.6083 282.5114 15.08841099 60497
STARLINK-5056           
1 53910U 22119AA  23296.14774136 -.00002532  00000+0 -14108-3 0  9998
2 53910  53.2168 253.2207 0001377  82.8814 277.2334 15.08828279 60289
STARLINK-5048           
1 53911U 22119AB  23296.09255776  .00000387  00000+0  42400-4 0  9998
2 53911  53.2171 253.5829 0001691 103.0484 257.0697 15.08834385 60277
STARLINK-5059           
1 53912U 22119AC  23296.17344539 -.00001145  00000+0 -53864-4 0  9995
2 53912  53.2165 252.6792 0001472  98.9536 261.1623 15.08835696 60290
STARLINK-5053           
1 53913U 22119AD  23296.14036736  .00001297  00000+0  99586-4 0  9997
2 53913  53.2162 253.1735 0001362  79.1168 280.9977 15.08835815 60284
STARLINK-5051           
1 53916U 22119AG  23296.10169132 -.00004794  00000+0 -28343-3 0  9992
2 53916  53.2165 233.0166 0001506  87.3806 272.7358 15.08825383 60567
STARLINK-5023           
1 53919U 22119AK  23296.12930370 -.00004598  00000+0 -27098-3 0  9995
2 53919  53.2154 253.1044 0002379 146.7903 213.3239 15.08834935 60284
STARLINK-5025           
1 53920U 22119AL  23296.00002315 -.00024807  00000+0 -15454-2 0  9990
2 53920  53.2152 253.8857 0001552  89.8840 182.2495 15.08851968  5846
STARLINK-5004           
1 53923U 22119AP  23296.12563200  .00000799  00000+0  68330-4 0  9996
2 53923  53.2171 253.0857 0001519  87.3163 272.8003 15.08834211 60288
STARLINK-5011           
1 53925U 22119AR  23296.16976004 -.00001363  00000+0 -67555-4 0  9990
2 53925  53.2160 252.6563 0001396 100.8554 259.2596 15.08836005 60295
STARLINK-5018           
1 53929U 22119AV  23296.18081190  .00003281  00000+0  22415-3 0  9993
2 53929  53.2163 252.7143 0001348  77.1745 282.9398 15.08838183 60294
STARLINK-5010           
1 53930U 22119AW  23296.18174389  .00003565  00000+0  24202-3 0  9999
2 53930  53.2169 242.7465 0001641  81.7117 278.4061 15.08829465 60434
STARLINK-4639           
1 53971U 22125H   23295.89104862  .00017234  00000+0  10988-2 0  9990
2 53971  53.2157 164.2692 0001512  98.1833 261.9331 15.08821315 58160
STARLINK-5159           
1 53974U 22125L   23295.85237260  .00000575  00000+0  54232-4 0  9990
2 53974  53.2173 144.0847 0001513  93.4989 266.6177 15.08827526 58441
STARLINK-5137           
1 53975U 22125M   23295.91906318 -.00001262  00000+0 -61228-4 0  9994
2 53975  53.2156 158.7613 0001299 102.9385 257.1752 15.08830739 58245
STARLINK-5094           
1 53977U 22125P   23295.90440867  .00018737  00000+0  11929-2 0  9991
2 53977  53.2156 159.3592 0001740  75.4628 284.6557 15.08818814 58232
STARLINK-5120           
1 53982U 22125U   23295.89566007  .00001085  00000+0  86293-4 0  9996
2 53982  53.2161 154.3254 0001468 102.9512 257.1644 15.08833181 58291
STARLINK-5103           
1 53983U 22125V   23295.87447137  .00002611  00000+0  18212-3 0  9998
2 53983  53.2159 144.2201 0001227  89.7141 270.3992 15.08833821 58443
STARLINK-5142           
1 53984U 22125W   23295.90672294  .00001064  00000+0  84947-4 0  9997
2 53984  53.2167 154.3950 0001293  91.7862 268.3278 15.08820871 58379
STARLINK-5075           
1 53990U 22125AC  23295.89934393 -.00000665  00000+0 -23722-4 0  9995
2 53990  53.2155 154.3470 0001492  89.8790 270.2373 15.08832780 58290
STARLINK-5108           
1 53992U 22125AE  23295.89197326  .00001068  00000+0  85211-4 0  9991
2 53992  53.2158 154.3037 0001492  90.0443 270.0720 15.08834713 58295
STARLINK-5121           
1 53993U 22125AF  23295.86848554 -.00001956  00000+0 -10487-3 0  9995
2 53993  53.2151 149.1662 0001628  69.6751 290.4416 15.08822678 58363
STARLINK-5131           
1 53996U 22125AJ  23295.87723359  .00016490  00000+0  10522-2 0  9990
2 53996  53.2169 154.2111 0001627 103.7555 256.3619 15.08823759 58370
STARLINK-5130           
1 53997U 22125AK  23295.91132297 -.00002772  00000+0 -15615-3 0  9990
2 53997  53.2155 144.4458 0001629  88.8527 271.2652 15.08829989 58447
STARLINK-5126           
1 54012U 22125BA  23295.87816128  .00000727  00000+0  63755-4 0  9991
2 54012  53.2161 144.2435 0001449  97.1907 262.9250 15.08830262 58493
STARLINK-5116           
1 54014U 22125BC  23296.14681282  .00005295  00000+0  35082-3 0  9991
2 54014  53.2172 143.0766 0002382 155.2467 204.8640 15.08806858 58532
STARLINK-5195           
1 54051U 22136A   23295.70708602  .00002283  00000+0  16148-3 0  9997
2 54051  53.2172 285.3798 0002262  83.2127 276.9122 15.08846897 55650
STARLINK-5189           
1 54052U 22136B   23295.59294523 -.00006956  00000+0 -41928-3 0  9994
2 54052  53.2177 245.4615 0002040  81.8097 278.3127 15.08843505 56201
STARLINK-5167           
1 54058U 22136H   23296.21489374 -.00002853  00000+0 -16122-3 0  9990
2 54058  53.2188 282.8616 0002266  85.9716 274.1535 15.08829892 56219
STARLINK-5170           
1 54062U 22136M   23296.21120790 -.00003257  00000+0 -18667-3 0  9994
2 54062  53.2174 282.8435 0001860  86.9395 273.1810 15.08831836 56217
STARLINK-5171           
1 54077U 22136AC  23296.17989048 -.00003059  00000+0 -17423-3 0  9993
2 54077  53.2158 262.6916 0001467  76.8578 283.2578 15.08832865 56495
STARLINK-5175           
1 54079U 22136AE  23296.23423871 -.00003400  00000+0 -19566-3 0  9999
2 54079  53.2172 272.9934 0001383  87.0707 273.0443 15.08828777 56352
STARLINK-5183           
1 54084U 22136AK  23296.22687029 -.00000029  00000+0  16289-4 0  9994
2 54084  53.2164 272.9473 0001718  88.8234 271.2954 15.08836418 56351
STARLINK-5269           
1 54161U 22141E   23295.47341413  .00007333  00000+0  47812-3 0  9995
2 54161  53.2165 316.2888 0001841  93.6670 266.4532 15.08855069 54499
STARLINK-5273           
1 54162U 22141F   23295.79628956  .00002917  00000+0  20128-3 0  9995
2 54162  53.2170 314.7495 0001571  95.1071 265.0100 15.08843015 54545
STARLINK-5154           
1 54176U 22141V   23296.17623216  .00003172  00000+0  21729-3 0  9999
2 54176  53.2182 302.8834 0001403  71.4529 288.6615 15.08842323 54742
STARLINK-5239           
1 54183U 22141AC  23296.19193056 -.00000088  00000+0  12538-4 0  9996
2 54183  53.2178 302.9753 0001611 106.8563 253.2606 15.08834782 54971
STARLINK-5238           
1 54188U 22141AH  23295.73926902  .00000084  00000+0  23402-4 0  9991
2 54188  53.2160 295.1489 0002030  86.9175 273.2049 15.08838606 54814
STARLINK-5258           
1 54195U 22141AQ  23295.73189854  .00001267  00000+0  97717-4 0  9990
2 54195  53.2179 295.1033 0002012  85.4787 274.6435 15.08841174 55044
STARLINK-5237           
1 54196U 22141AR  23295.71347311  .00003728  00000+0  25215-3 0  9990
2 54196  53.2166 294.9915 0001473  96.7936 263.3224 15.08844056 54815
STARLINK-5250           
1 54200U 22141AV  23295.70241958  .00001085  00000+0  86233-4 0  9997
2 54200  53.2170 294.9194 0001407  84.3986 275.7166 15.08840320 55048
STARLINK-5241           
1 54204U 22141AZ  23295.41903179  .00005733  00000+0  37785-3 0  9990
2 54204  53.2170 295.9968 0001850 102.8261 257.2938 15.08853213 55009
STARLINK-5249           
1 54205U 22141BA  23295.29392394  .00005306  00000+0  35113-3 0  9997
2 54205  53.2176 296.6369 0001716  93.3166 266.8022 15.08849015 54989
STARLINK-5191           
1 54763U 22175F   23295.86346613  .00002191  00000+0  15572-3 0  9995
2 54763  53.2187 344.5827 0001504  93.3783 266.7381 15.08841390 46595
STARLINK-5470           
1 54776U 22175U   23295.87812314  .00002112  00000+0  15074-3 0  9996
2 54776  53.2181 343.9708 0001384  96.4168 263.6982 15.08837981 46607
STARLINK-5449           
1 54780U 22175Y   23295.83722179 -.00000614  00000+0 -20468-4 0  9997
2 54780  53.2199 329.4527 0001896  96.8718 263.2490 15.08831431 46808
STARLINK-5440           
1 54785U 22175AD  23295.69369546  .00000960  00000+0  78434-4 0  9999
2 54785  53.2179 290.0703 0001547 105.0485 255.0679 15.08834999 49507
STARLINK-5420           
1 54798U 22175AS  23296.21716359  .00012417  00000+0  79720-3 0  9998
2 54798  53.2167 317.6123 0001374 108.0218 252.0924 15.08825268 47007
STARLINK-5408           
1 54810U 22175BE  23295.82478348 -.00000540  00000+0 -15832-4 0  9993
2 54810  53.2190 324.3766 0002014 100.6961 259.4258 15.08835647 46878
STARLINK-30302          
1 57664U 23124B   23296.08431458  .00002476  00000+0  13297-3 0  9998
2 57664  53.0552 272.4007 0002433 123.6724 236.4503 15.18714158 10734
STARLINK-30296          
1 57671U 23124J   23295.63781287  .00003167  00000+0  16580-3 0  9990
2 57671  53.0563 271.7554 0001342  97.3929 262.7218 15.18714838 10702
STARLINK-30283          
1 57680U 23124T   23296.13035755  .00018040  00000+0  87174-3 0  9991
2 57680  53.0516 271.2763 0001546 102.3576 257.7591 15.18707724 10757
STARLINK-30292          
1 57844U 23141E   23295.88250339 -.00000406  00000+0 -41307-5 0  9999
2 57844  53.0553 348.5067 0002383  86.2326 273.8941 15.18714677  7498
STARLINK-30420          
1 57846U 23141G   23296.16668981  .00043851  00000+0  20900-2 0  9991
2 57846  53.0549 343.7801 0001531  96.3533 297.7009 15.18706751  7588
STARLINK-30416          
1 57847U 23141H   23295.86212534 -.00002437  00000+0 -10085-3 0  9998
2 57847  53.0540 347.6444 0002307  85.2738 274.8520 15.18713569  7503
STARLINK-30426          
1 57848U 23141J   23295.84260213 -.00000544  00000+0 -10742-4 0  9992
2 57848  53.0550 348.9709 0001662  81.1580 278.9602 15.18696110  7481
STARLINK-30425          
1 57850U 23141L   23295.44679004  .00006089  00000+0  30461-3 0  9990
2 57850  53.0565 350.7714 0001912  88.3872 271.7341 15.18725307  7424
STARLINK-30404          
1 57853U 23141P   23295.44173156  .00006231  00000+0  31145-3 0  9999
2 57853  53.0565 350.7386 0001553  87.5821 272.5351 15.18713968  7428
STARLINK-30392          
1 57855U 23141R   23295.43666079  .00005195  00000+0  26214-3 0  9990
2 57855  53.0569 350.7073 0002059  82.4855 277.6373 15.18725747  7428
STARLINK-30291          
1 57856U 23141S   23295.88811695  .00011780  00000+0  57453-3 0  9992
2 57856  53.0584 348.5402 0001931  99.6332 260.4881 15.18735277  7495
STARLINK-30455          
1 57942U 23148H   23296.25001157  .00128383  00000+0  27519-2 0  9998
2 57942  53.0546  86.9142 0000222 349.4419  76.8621 15.43825968  5558
STARLINK-30708          
1 57944U 23148K   23296.25001157  .00042336  00000+0  92478-3 0  9990
2 57944  53.0547  86.9111 0001188  73.1411 354.4780 15.43794691  5618
STARLINK-30705          
1 57945U 23148L   23296.25001157  .00026242  00000+0  57686-3 0  9991
2 57945  53.0546  86.9101 0001215 112.2873 315.8349 15.43847530  5551
STARLINK-30707          
1 57949U 23148Q   23296.25001157  .00022629  00000+0  49888-3 0  9995
2 57949  53.0546  86.9048 0001507 119.3978 311.0800 15.43850016  5567
STARLINK-30703          
1 57954U 23148V   23296.25001157  .00087557  00000+0  38701-3 0  9994
2 57954  53.0521  84.3052 0000990 126.5792 140.0222 15.83751478  5599
STARLINK-30549          
1 58030U 23156C   23295.91667824 -.00707902  00000+0 -38678-2 0  9997
2 58030  53.0511 154.4723 0000755  65.9442 176.6793 15.80974205  2996
STARLINK-30562          
1 58033U 23156F   23295.91667824 -.00747342  00000+0 -41380-2 0  9996
2 58033  53.0513 154.4525 0001156  97.0137 155.4016 15.80784095  3321
STARLINK-30533          
1 58037U 23156K   23295.91667824 -.00768967  00000+0 -42923-2 0  9990
2 58037  53.0513 154.4403 0000813  93.4906 164.7542 15.80667205  3323
STARLINK-30560          
1 58038U 23156L   23295.91667824 -.00742227  00000+0 -41045-2 0  9996
2 58038  53.0518 154.4559 0000740  81.2281 169.8745 15.80801503  3075
STARLINK-30559          
1 58039U 23156M   23295.91667824 -.00783386  00000+0 -43955-2 0  9990
2 58039  53.0516 154.4321 0000723  70.1843 192.3513 15.80592771  3329
STARLINK-30563          
1 58042U 23156Q   23295.91667824 -.00802344  00000+0 -45384-2 0  9998
2 58042  53.0516 154.4205 0000636  74.5475 193.4911 15.80467269  3323