STARLINK-5101           
1 54822U 22177C   23295.94928196  .00014197  00000+0  10644-2 0  9997
2 54822  43.0023 173.8771 0001130 286.9817  73.0901 15.02518303 46272
STARLINK-5393           
1 54832U 22177N   23295.91080940  .00004205  00000+0  32618-3 0  9996
2 54832  43.0014 161.4488 0001126 272.7031  87.3682 15.02535302 46415
STARLINK-5391           
1 54833U 22177P   23295.93707010  .00000088  00000+0  21590-4 0  9996
2 54833  43.0019 173.7838 0001202 284.2258  75.8450 15.02525211 46277
STARLINK-4659           
1 54841U 22177X   23295.92596910 -.00000182  00000+0  15798-5 0  9999
2 54841  43.0017 173.6997 0001462 271.1771  88.8904 15.02530234 45292
STARLINK-5304           
1 54843U 22177Z   23295.38859062 -.00001182  00000+0 -72422-4 0  9999
2 54843  43.0018 176.5469 0000978 285.2083  74.8651 15.02538616 46190
STARLINK-5388           
1 54844U 22177AA  23295.96913981  .00005925  00000+0  45326-3 0  9994
2 54844  43.0015 173.1382 0000974 272.5235  87.5495 15.02540372 46288
STARLINK-5360           
1 54846U 22177AC  23295.97246949 -.00001468  00000+0 -93668-4 0  9993
2 54846  43.0022 173.1859 0001103 272.9027  87.1689 15.02527098 45308
STARLINK-5087           
1 54850U 22177AG  23295.76785848 -.00003604  00000+0 -25191-3 0  9990
2 54850  43.0015 162.0820 0000911 269.7500  90.3238 15.02527135 45416
STARLINK-5419           
1 54854U 22177AL  23295.88860512  .00001914  00000+0  15673-3 0  9993
2 54854  43.0016 161.2663 0001308 253.1679 106.9020 15.02534038 46416
STARLINK-5402           
1 54869U 22177BB  23295.92733826  .00000582  00000+0  58182-4 0  9994
2 54869  43.0016 160.6972 0001483 272.6933  87.3740 15.02529418 46429
STARLINK-5091           
1 54873U 22177BF  23295.91401579  .00012765  00000+0  95859-3 0  9992
2 54873  43.0014 160.5963 0001306 262.5285  97.5409 15.02524620 46428
STARLINK-5670           
1 55341U 23013L   23295.60331429  .00006138  00000+0  46891-3 0  9994
2 55341  43.0045 342.9327 0001459 276.1815  83.8861 15.02547827 40970
STARLINK-5631           
1 55346U 23013R   23295.85480185  .00000841  00000+0  77289-4 0  9991
2 55346  43.0035 341.3772 0001080 275.5755  84.4964 15.02536069 41447
STARLINK-5663           
1 55347U 23013S   23295.84370179  .00001804  00000+0  14857-3 0  9993
2 55347  43.0042 341.2943 0001342 272.3344  87.7345 15.02536868 41441
STARLINK-5609           
1 55348U 23013T   23295.58666209  .00001059  00000+0  93467-4 0  9994
2 55348  43.0046 342.8053 0001367 275.4941  84.5746 15.02540863 40976
STARLINK-5651           
1 55357U 23013AC  23295.82927598  .00000262  00000+0  34437-4 0  9999
2 55357  43.0037 341.1852 0001024 274.6503  85.4223 15.02531493 41442
STARLINK-5664           
1 55360U 23013AF  23295.87551218  .00001631  00000+0  13575-3 0  9990
2 55360  43.0020 353.6633 0000543 294.9274  65.1512 15.02538482 41304
STARLINK-5644           
1 55369U 23013AQ  23295.58085619  .00005960  00000+0  45576-3 0  9999
2 55369  43.0031 355.7513 0001281 259.0409 101.0289 15.02547240 40826
STARLINK-5027           
1 55370U 23013AR  23295.51993005  .00005269  00000+0  40474-3 0  9995
2 55370  43.0036 356.1563 0001455 261.9839  98.0838 15.02546295 41246
STARLINK-5567           
1 55377U 23013AY  23295.88439150  .00001896  00000+0  15536-3 0  9991
2 55377  43.0038 353.7296 0001241 279.4534  80.6168 15.02538322 40873
STARLINK-5575           
1 55381U 23013BC  23295.88660889  .00005201  00000+0  39974-3 0  9997
2 55381  43.0048 353.7424 0001311 267.9441  92.1251 15.02541797 41309
STARLINK-5656           
1 55451U 23015C   23295.91854866  .00004936  00000+0  38017-3 0  9992
2 55451  43.0049   7.0504 0001349 273.2631  86.8057 15.02541004 40065
STARLINK-5683           
1 55452U 23015D   23295.91300162  .00013533  00000+0  10148-2 0  9995
2 55452  43.0044   7.0100 0001115 266.6053  93.4662 15.02542229 40064
STARLINK-5678           
1 55460U 23015M   23295.89524210  .00006032  00000+0  46115-3 0  9993
2 55460  43.0040   6.8725 0001397 267.3725  92.6957 15.02542232 40067
STARLINK-5628           
1 55466U 23015T   23295.93286321  .00000033  00000+0  17507-4 0  9991
2 55466  43.0039   6.2962 0000961 273.1613  86.9119 15.02532695 40074
STARLINK-5679           
1 55467U 23015U   23295.88747158  .00015196  00000+0  11373-2 0  9995
2 55467  43.0042   6.8140 0001119 272.1921  87.8793 15.02544131 40065
STARLINK-5672           
1 55468U 23015V   23295.60712835  .00007323  00000+0  55640-3 0  9999
2 55468  43.0040   8.1502 0001258 262.3688  97.7011 15.02547859 40025
STARLINK-5681           
1 55469U 23015W   23295.61267924  .00008291  00000+0  62795-3 0  9999
2 55469  43.0038   8.1941 0001303 269.5783  90.4910 15.02547062 40020
STARLINK-5705           
1 55472U 23015Z   23295.86675568  .00000897  00000+0  81489-4 0  9993
2 55472  43.0055 354.5118 0001241 265.3975  94.6726 15.02535291 40207
STARLINK-5650           
1 55475U 23015AC  23295.92731165  .00003048  00000+0  24060-3 0  9991
2 55475  43.0037   6.2515 0001178 275.4462  84.6246 15.02536207 40073
STARLINK-5688           
1 55479U 23015AG  23295.87008440  .00000842  00000+0  77372-4 0  9996
2 55479  43.0053 354.5322 0001474 276.5036  83.5638 15.02540324 40201
STARLINK-5362           
1 55493U 23015AW  23295.93704183  .00002776  00000+0  22047-3 0  9992
2 55493  43.0034  19.3136 0001159 270.8323  89.2387 15.02537714 39921
STARLINK-5737           
1 55570U 23020B   23295.75042789  .00003870  00000+0  30134-3 0  9993
2 55570  43.0039  46.6129 0001387 268.2524  91.8160 15.02539877 38204
STARLINK-5739           
1 55571U 23020C   23296.01078881  .00007984  00000+0  60546-3 0  9996
2 55571  43.0036  45.1240 0001388 271.1824  88.8860 15.02535341 38246
STARLINK-5738           
1 55573U 23020E   23295.60859564  .00000576  00000+0  57726-4 0  9994
2 55573  43.0053  47.2671 0001167 273.7320  86.3388 15.02527125 38184
STARLINK-5713           
1 55578U 23020K   23295.79248488  .00006573  00000+0  50106-3 0  9993
2 55578  43.0042  46.0682 0001219 267.7662  92.3041 15.02543845 38210
STARLINK-5736           
1 55584U 23020R   23295.78582491  .00011975  00000+0  89982-3 0  9990
2 55584  43.0037  46.0172 0001330 280.3452  79.7241 15.02545082 38213
STARLINK-5760           
1 55591U 23020Y   23295.64177401  .00000989  00000+0  88258-4 0  9993
2 55591  43.0033  46.6566 0000866 270.8932  89.1811 15.02532718 38197
STARLINK-5748           
1 55604U 23020AM  23295.71431609  .00004066  00000+0  31583-3 0  9997
2 55604  43.0045  20.3581 0001282 272.0266  88.0430 15.02542517 38506
STARLINK-5710           
1 55616U 23020AZ  23295.77498541  .00012363  00000+0  92827-3 0  9991
2 55616  43.0043  32.9636 0001388 268.3228  91.7456 15.02551552 38362
STARLINK-5720           
1 55619U 23020BC  23295.97109549  .00000163  00000+0  27161-4 0  9998
2 55619  43.0071  31.8508 0001934 256.5820 103.4807 15.02530967 38397
STARLINK-30040          
1 55697U 23026C   23283.83334491 -.00136964  00000+0 -10543-2 0  9993
2 55697  43.0023 355.9134 0001396 275.7951 111.4983 15.71443837 36460
STARLINK-30057          
1 55705U 23026L   23295.72177000  .00003657  00000+0  31288-4 0  9996
2 55705  43.0004 296.9754 0001290 252.4392 107.6335 15.71381012 38427
STARLINK-30060          
1 55707U 23026N   23295.72210217  .00014127  00000+0  11100-3 0  9990
2 55707  42.9997 296.9823 0000190  57.2660 302.8227 15.71351946 38424
STARLINK-5915           
1 55987U 23042B   23295.78918077  .00000481  00000+0  50717-4 0  9999
2 55987  43.0036  97.6086 0001007 280.4934  79.5795 15.02524922 32544
STARLINK-5946           
1 55990U 23042E   23295.87007963  .00005272  00000+0  40496-3 0  9991
2 55990  43.0034  97.3539 0001537 268.6032  91.4635 15.02543010 32210
STARLINK-5956           
1 55994U 23042J   23295.85343361  .00000085  00000+0  21356-4 0  9990
2 55994  43.0030  97.2300 0001232 273.1051  86.9650 15.02532966 32213
STARLINK-5944           
1 56001U 23042R   23295.89884629  .00014774  00000+0  11065-2 0  9995
2 56001  43.0021  96.7044 0001376 276.5706  83.4979 15.02533688 32224
STARLINK-5801           
1 56005U 23042V   23295.83012630  .00001805  00000+0  14868-3 0  9994
2 56005  43.0022  97.0512 0001385 280.9442  79.1244 15.02532890 32556
STARLINK-5968           
1 56010U 23042AA  23295.87884225  .00001155  00000+0  10053-3 0  9991
2 56010  43.0031  96.5579 0001382 265.7464  94.3221 15.02534521 32222
STARLINK-5936           
1 56011U 23042AB  23295.87921493  .00007401  00000+0  56231-3 0  9999
2 56011  43.0038  84.4106 0001251 265.2127  94.8572 15.02540686 32704
STARLINK-5934           
1 56017U 23042AH  23295.80386008  .00000762  00000+0  71463-4 0  9993
2 56017  43.0039  84.7052 0001270 278.9359  81.1339 15.02533804 32358
STARLINK-5907           
1 56021U 23042AM  23295.80052835  .00008103  00000+0  61406-3 0  9998
2 56021  43.0037  84.6771 0001315 270.3721  89.6971 15.02545467 32350
STARLINK-5783           
1 56022U 23042AN  23295.85035527  .00008201  00000+0  62136-3 0  9993
2 56022  43.0040  84.1913 0001368 271.4419  88.6266 15.02541116 32366
STARLINK-6081           
1 56108U 23046R   23296.03290715 -.00002693  00000+0 -18441-3 0  9996
2 56108  43.0021 198.9699 0001213 286.0092  74.0617 15.02522066 31937
STARLINK-6083           
1 56109U 23046S   23295.88885005  .00012876  00000+0  96676-3 0  9999
2 56109  43.0023 199.6087 0001210 256.4607 103.6101 15.02524854 31371
STARLINK-6114           
1 56116U 23046Z   23295.87663881 -.00002387  00000+0 -16168-3 0  9998
2 56116  43.0017 199.5197 0001412 243.5810 116.4887 15.02529513 31370
STARLINK-6091           
1 56119U 23046AC  23295.86258803 -.00007421  00000+0 -53509-3 0  9998
2 56119  43.0017 187.2954 0000648 266.5440  93.5328 15.02523085 31511
STARLINK-6092           
1 56121U 23046AE  23295.99887799 -.00000701  00000+0 -36809-4 0  9996
2 56121  43.0020 186.5985 0001525 285.5528  74.5146 15.02522520 32079
STARLINK-5563           
1 56135U 23046AV  23295.92873297 -.00000539  00000+0 -24829-4 0  9990
2 56135  43.0025 147.8521 0001090 270.7476  89.3241 15.02518676 32516
STARLINK-4774           
1 56138U 23046AY  23295.96336296 -.00001749  00000+0 -11446-3 0  9994
2 56138  43.0021 186.3278 0001299 270.5907  89.4786 15.02524681 31539
STARLINK-5376           
1 56142U 23046BC  23295.95780857 -.00001651  00000+0 -10723-3 0  9993
2 56142  43.0021 186.2856 0001024 281.7053  78.3674 15.02526182 32078
STARLINK-5111           
1 56146U 23046BG  23295.74394509 -.00006752  00000+0 -48536-3 0  9999
2 56146  43.0017 187.2566 0001659 265.0062  95.0591 15.02527275 31500
STARLINK-30113          
1 56291U 23056F   23296.13812216  .00001525  00000+0  12792-3 0  9991
2 56291  43.0018 249.5311 0000750 271.2234  88.8522 15.02528248 28784
STARLINK-30083          
1 56295U 23056K   23296.11209904  .00016396  00000+0  12266-2 0  9994
2 56295  43.0008 224.0267 0001517 281.1760  78.8912 15.02515682 29063
STARLINK-30086          
1 56297U 23056M   23296.16475465  .00000714  00000+0  67891-4 0  9991
2 56297  42.9996 249.6520 0000789 284.1729  75.9026 15.02533753 28772
STARLINK-30111          
1 56302U 23056S   23295.61627919 -.00008286  00000+0 -59911-3 0  9997
2 56302  43.0019 252.4199 0000465 229.9286 130.1515 15.02530892 29350
STARLINK-30097          
1 56303U 23056T   23296.13283471  .00067721  00000+0  32785-2 0  9993
2 56303  43.0005 239.2528 0013924 169.1219 190.9933 15.17620712 28893
STARLINK-30099          
1 56304U 23056U   23295.61294937 -.00003807  00000+0 -26697-3 0  9998
2 56304  43.0002 252.3853 0000431 315.0236  45.0571 15.02532584 29351
STARLINK-6191           
1 56378U 23061E   23296.14728330  .00002030  00000+0  16528-3 0  9990
2 56378  43.0057 236.8561 0001130 265.2783  94.7930 15.02546908 26391
STARLINK-6160           
1 56382U 23061J   23296.14063308  .00003709  00000+0  28947-3 0  9994
2 56382  43.0029 236.8015 0001681 261.6057  98.4595 15.02535708 26398
STARLINK-6166           
1 56383U 23061K   23296.14285800 -.00001463  00000+0 -93291-4 0  9990
2 56383  43.0037 236.8167 0001261 272.7134  87.3564 15.02524993 26396
STARLINK-6153           
1 56384U 23061L   23295.86585286  .00002350  00000+0  18898-3 0  9993
2 56384  43.0029 238.1767 0001453 264.1787  95.8890 15.02532242 26067
STARLINK-6178           
1 56387U 23061P   23296.13508408  .00004421  00000+0  34206-3 0  9990
2 56387  43.0032 236.7571 0000772 104.8999 255.1929 15.02540669 26391
STARLINK-6145           
1 56389U 23061R   23296.12843014  .00000634  00000+0  62021-4 0  9995
2 56389  43.0028 236.7061 0000911 276.0592  84.0147 15.02533009 26399
STARLINK-6256           
1 56401U 23061AD  23295.77558965 -.00001131  00000+0 -68654-4 0  9991
2 56401  43.0046 213.2204 0001132 257.7099 102.3616 15.02524938 26348
STARLINK-6283           
1 56406U 23061AJ  23296.08218648  .00000206  00000+0  30334-4 0  9996
2 56406  43.0033 224.2250 0001536 272.3835  87.6831 15.02523626 26539
STARLINK-6289           
1 56408U 23061AL  23296.07995340 -.00006644  00000+0 -47721-3 0  9999
2 56408  43.0037 224.2091 0001640 269.4310  90.6344 15.02536203 26537
STARLINK-6278           
1 56412U 23061AQ  23295.53593087 -.00004450  00000+0 -31467-3 0  9999
2 56412  43.0034 227.0059 0000946 276.8258  83.2477 15.02527657 26454
STARLINK-6260           
1 56416U 23061AU  23295.50834097  .00053004  00000+0  39472-2 0  9999
2 56416  43.0012 214.6588 0001506 267.9161  92.1508 15.02169831 26595
STARLINK-6224           
1 56425U 23061BD  23295.75561073  .00000230  00000+0  32134-4 0  9990
2 56425  43.0031 213.0656 0001139 260.3979  99.6734 15.02514119 26340
STARLINK-6238           
1 56428U 23061BG  23296.07690675  .00002575  00000+0  20572-3 0  9996
2 56428  43.0031 211.1777 0000805 277.5604  82.5147 15.02522114 26680
STARLINK-5716           
1 56504U 23065B   23296.17476833 -.00000689  00000+0 -35965-4 0  9993
2 56504  43.0023 249.9422 0001332 261.1697  98.8994 15.02532606 25191
STARLINK-5340           
1 56506U 23065D   23296.11411253 -.00001722  00000+0 -11247-3 0  9999
2 56506  43.0040 237.3309 0001483 265.1241  94.9432 15.02512305 25337
STARLINK-5334           
1 56509U 23065G   23295.29722047  .00001136  00000+0  99141-4 0  9993
2 56509  43.0035 254.5366 0001183 263.7929  96.2779 15.02553522 25843
STARLINK-5349           
1 56512U 23065K   23296.16367209 -.00001192  00000+0 -73174-4 0  9991
2 56512  43.0021 249.8571 0000726 279.0253  81.0507 15.02533256 25190
STARLINK-6329           
1 56525U 23065Y   23295.58190585  .00004122  00000+0  31999-3 0  9993
2 56525  43.0031 252.3802 0001033  13.9492 346.1379 15.02537535 25111
STARLINK-6318           
1 56530U 23065AD  23296.09438080 -.00000809  00000+0 -44858-4 0  9990
2 56530  43.0031 224.1596 0001264 258.6273 101.4427 15.02521587 25481
STARLINK-6308           
1 56534U 23065AH  23295.57673510 -.00001523  00000+0 -97791-4 0  9993
2 56534  43.0022 240.1746 0000567 264.3624  95.7154 15.02516175 25253
STARLINK-6136           
1 56540U 23065AP  23295.63491906  .00000157  00000+0  26685-4 0  9998
2 56540  43.0034 265.7883 0000923 282.8186  77.2553 15.02542066 25742
STARLINK-6263           
1 56549U 23065AY  23295.39219427  .00014202  00000+0  10635-2 0  9998
2 56549  43.0029 266.5437 0001371 269.7398  90.3288 15.02562480 25716
STARLINK-6199           
1 56551U 23065BA  23295.65367147 -.00004826  00000+0 -34248-3 0  9993
2 56551  43.0035 265.0645 0000822 287.8136  72.2617 15.02533404 25755
STARLINK-5302           
1 56556U 23065BF  23295.91291970 -.00005587  00000+0 -39892-3 0  9992
2 56556  43.0030 263.5701 0001158 269.9868  90.0841 15.02529394 25791
STARLINK-30127          
1 56699U 23067M   23295.79108553 -.00001174  00000+0 -71853-4 0  9994
2 56699  43.0026 315.9375 0000749 275.7277  84.3480 15.02536614 24952
STARLINK-30053          
1 56700U 23067N   23295.78775628  .00002190  00000+0  17708-3 0  9994
2 56700  43.0013 315.9136 0000604 274.5755  85.5018 15.02540140 24953
STARLINK-30152          
1 56828U 23079F   23296.25001157 -.00039208  00000+0 -29023-2 0  9994
2 56828  43.0010 146.1635 0000860 213.4565 350.4765 15.02553599 21923
STARLINK-30144          
1 56835U 23079N   23296.25001157 -.00020192  00000+0 -14083-2 0  9994
2 56835  43.0013 146.1037 0001053 295.8589 292.7538 15.04491915 21926
STARLINK-6209           
1 56877U 23083B   23295.86841390  .00003105  00000+0  24481-3 0  9999
2 56877  43.0024 123.0045 0001339 271.4236  88.6453 15.02533382 20978
STARLINK-5707           
1 56879U 23083D   23295.87174416  .00002534  00000+0  20263-3 0  9999
2 56879  43.0024 123.0300 0001339 282.4292  77.6400 15.02529684 20978
STARLINK-6177           
1 56880U 23083E   23295.79527837  .00000448  00000+0  48278-4 0  9990
2 56880  43.0027 123.3146 0001591 273.8759  86.1902 15.02533640 20964
STARLINK-5496           
1 56886U 23083L   23295.78195662  .00002655  00000+0  21154-3 0  9997
2 56886  43.0024 123.2128 0001128 269.5494  90.5219 15.02536389 20963
STARLINK-5528           
1 56890U 23083Q   23295.90270082  .00002717  00000+0  21613-3 0  9995
2 56890  43.0028 122.3972 0001324 266.0273  94.0418 15.02538481 20981
STARLINK-6213           
1 56891U 23083R   23295.90825413  .00000315  00000+0  38427-4 0  9994
2 56891  43.0038 122.4390 0001102 269.5739  90.4977 15.02528322 20980
STARLINK-6216           
1 56893U 23083T   23295.90492048  .00005633  00000+0  43166-3 0  9993
2 56893  43.0027 122.4140 0001455 261.6365  98.4313 15.02539627 20186
STARLINK-6195           
1 56902U 23083AC  23295.68256014  .00000139  00000+0  25393-4 0  9999
2 56902  43.0036 111.1880 0000883 268.5377  91.5364 15.02525313 21207
STARLINK-6193           
1 56904U 23083AE  23295.85868509 -.00001633  00000+0 -10588-3 0  9999
2 56904  43.0031 109.9277 0001222 275.5571  84.5132 15.02532218 21129
STARLINK-6098           
1 56906U 23083AG  23295.80663215  .00000087  00000+0  21493-4 0  9991
2 56906  43.0031 110.3988 0001235 265.9293  94.1409 15.02531053 21113
STARLINK-6179           
1 56910U 23083AL  23295.79553120  .00000090  00000+0  21748-4 0  9994
2 56910  43.0032 110.3135 0001255 267.0329  93.0369 15.02533026 21113
STARLINK-6116           
1 56911U 23083AM  23295.80441178  .00001006  00000+0  89556-4 0  9995
2 56911  43.0033 110.3816 0001244 269.7443  90.3257 15.02534063 21113
STARLINK-5805           
1 56912U 23083AN  23295.78998416  .00000572  00000+0  57382-4 0  9994
2 56912  43.0029 110.2705 0001142 265.5039  94.5673 15.02529704 21111
STARLINK-6245           
1 57079U 23088AH  23295.86477737  .00002175  00000+0  17602-3 0  9992
2 57079  43.0021 135.6048 0001478 267.2028  92.8645 15.02534084 19820
STARLINK-6251           
1 57087U 23088AR  23295.84590314  .00001478  00000+0  12448-3 0  9994
2 57087  43.0021 135.4618 0001337 273.8037  86.2652 15.02532968 19821
STARLINK-6262           
1 57091U 23088AV  23295.90573238 -.00000426  00000+0 -16479-4 0  9995
2 57091  43.0025 135.0505 0001092 282.1734  77.8986 15.02522125 19837
STARLINK-6225           
1 57092U 23088AW  23295.90795386 -.00000181  00000+0  16437-5 0  9998
2 57092  43.0029 135.0666 0001057 281.7046  78.3678 15.02520866 19836
STARLINK-6235           
1 57094U 23088AY  23295.83148012  .00000236  00000+0  32530-4 0  9991
2 57094  43.0020 135.3513 0001276 261.0907  98.9791 15.02526684 19820
STARLINK-6097           
1 57105U 23090E   23295.78227071  .00000051  00000+0  18822-4 0  9997
2 57105  43.0025 316.3511 0001237 270.8147  89.2553 15.02536811 19707
STARLINK-6099           
1 57108U 23090H   23295.77893797 -.00003701  00000+0 -25906-3 0  9990
2 57108  43.0030 316.3235 0001227 267.9448  92.1254 15.02536197 19707
STARLINK-6134           
1 57110U 23090K   23295.78005161  .00001280  00000+0  10985-3 0  9993
2 57110  43.0027 316.3335 0001109 267.3842  92.6874 15.02526363 19705
STARLINK-6140           
1 57111U 23090L   23295.75674973 -.00000084  00000+0  88593-5 0  9998
2 57111  43.0017 316.1575 0000864 278.6473  81.4271 15.02523727 19709
STARLINK-6085           
1 57115U 23090Q   23295.55397193  .00007964  00000+0  60364-3 0  9993
2 57115  43.0020 317.2153 0001225 273.5274  86.5428 15.02555657 19679
STARLINK-6129           
1 57116U 23090R   23295.49970492  .00009409  00000+0  71024-3 0  9997
2 57116  43.0020 317.6709 0001199 272.0932  87.9773 15.02556858 19667
STARLINK-6151           
1 57118U 23090T   23295.48970646  .00000180  00000+0  28399-4 0  9994
2 57118  43.0030 317.5920 0000807 218.1144 141.9641 15.02554630 18520
STARLINK-6150           
1 57119U 23090U   23295.74563909 -.00003643  00000+0 -25473-3 0  9992
2 57119  43.0022 316.0718 0001436 272.1454  87.9224 15.02536906 19707
STARLINK-6167           
1 57126U 23090AB  23295.47306747  .00007289  00000+0  55389-3 0  9992
2 57126  43.0026 317.4662 0001136 271.3072  88.7640 15.02550436 18520
STARLINK-5361           
1 57142U 23090AT  23295.49994881  .00002129  00000+0  17253-3 0  9990
2 57142  43.0025 304.6462 0000997 267.9402  92.1326 15.02549539 18673
STARLINK-5791           
1 57146U 23090AX  23295.49439996  .00001881  00000+0  15420-3 0  9993
2 57146  43.0025 304.6045 0000780 265.2235  94.8519 15.02547347 19623
STARLINK-5879           
1 57153U 23090BE  23295.71630681  .00000400  00000+0  44646-4 0  9999
2 57153  43.0005 290.6708 0000636 290.9812  69.0963 15.02527912 19493
STARLINK-6137           
1 57156U 23090BH  23295.73924211  .00000121  00000+0  23997-4 0  9995
2 57156  43.0032 302.9993 0000864 276.9204  83.1540 15.02530006 19857
STARLINK-5875           
1 57221U 23094D   23295.67341039  .00000656  00000+0  63650-4 0  9999
2 57221  43.0033  72.6376 0001234 264.5642  95.5060 15.02528439 16395
STARLINK-5996           
1 57227U 23094K   23295.85841236  .00007827  00000+0  59382-3 0  9992
2 57227  43.0036  71.4413 0001479 266.0207  94.0466 15.02537654 16605
STARLINK-5840           
1 57231U 23094P   23296.08659969  .00002629  00000+0  20972-3 0  9991
2 57231  43.0039  69.7114 0001871 284.4594  75.6041 15.02523932 16642
STARLINK-5872           
1 57232U 23094Q   23295.88160393  .00002039  00000+0  16599-3 0  9992
2 57232  43.0037  70.7507 0001354 283.2189  76.8502 15.02536757 17096
STARLINK-6330           
1 57239U 23094X   23295.68328279  .00000758  00000+0  71170-4 0  9999
2 57239  43.0053  71.8453 0001075 268.6227  91.4493 15.02528525 16403
STARLINK-6306           
1 57242U 23094AA  23295.81774470 -.00002685  00000+0 -18391-3 0  9994
2 57242  43.0038  58.9934 0001100 284.1144  75.9576 15.02511379 16565
STARLINK-5514           
1 57248U 23094AG  23295.80328864  .00000558  00000+0  56401-4 0  9991
2 57248  43.0041  58.8829 0001028 268.6463  91.4261 15.02534996 16561
STARLINK-5513           
1 57251U 23094AK  23295.79773539 -.00000473  00000+0 -19960-4 0  9993
2 57251  43.0044  58.8397 0001173 264.0716  95.9993 15.02540845 16741
STARLINK-5516           
1 57253U 23094AM  23295.79661650  .00002171  00000+0  17569-3 0  9992
2 57253  43.0041  58.8316 0001244 274.0230  86.0471 15.02548983 16565
STARLINK-5490           
1 57254U 23094AN  23295.84424175 -.00000200  00000+0  23621-6 0  9999
2 57254  43.0044  58.3295 0001211 277.7290  82.3415 15.02530986 16572
STARLINK-5512           
1 57256U 23094AQ  23295.82648686  .00019666  00000+0  14667-2 0  9995
2 57256  43.0017  58.2211 0001478 281.4011  78.6665 15.02538404 16577
STARLINK-5509           
1 57263U 23094AX  23295.83288201  .00000588  00000+0  58577-4 0  9990
2 57263  43.0049  71.2479 0001221 272.6765  87.3938 15.02535675 16426
STARLINK-5890           
1 57265U 23094AZ  23295.76111961 -.00001009  00000+0 -59659-4 0  9995
2 57265  43.0039  58.5661 0001013 276.5285  83.5442 15.02528163 16564
STARLINK-30236          
1 57300U 23096L   23295.60273146  .00002415  00000+0  19366-3 0  9994
2 57300  43.0002 265.5761 0000237 256.6603 103.4212 15.02552993 16920
STARLINK-30201          
1 57301U 23096M   23295.39996735  .00019056  00000+0  14205-2 0  9992
2 57301  43.0009 266.6361 0001150 252.2287 107.8430 15.02572661 15957
STARLINK-30177          
1 57305U 23096R   23295.65256379 -.00008423  00000+0 -60930-3 0  9993
2 57305  43.0016 265.0866 0000388 270.4334  89.6464 15.02529802 15996
STARLINK-30209          
1 57307U 23096T   23295.91181485 -.00003740  00000+0 -26197-3 0  9993
2 57307  42.9992 263.5893 0000637 280.4186  79.6584 15.02535089 16037
STARLINK-30194          
1 57308U 23096U   23295.64257732 -.00006708  00000+0 -48202-3 0  9991
2 57308  43.0015 265.0135 0000306 253.8280 106.2528 15.02532115 15989
STARLINK-6377           
1 57341U 23099P   23295.47032137  .00002935  00000+0  23217-3 0  9997
2 57341  43.0035 292.0457 0000872 262.6773  97.3970 15.02549668 16060
STARLINK-6380           
1 57344U 23099S   23295.71575716  .00000524  00000+0  54944-4 0  9996
2 57344  43.0022 290.4470 0000887 272.1174  87.9567 15.01714387 15408
STARLINK-6359           
1 57346U 23099U   23295.70516934 -.00003984  00000+0 -28003-3 0  9995
2 57346  42.9996 290.3678 0000775 286.2723  73.8034 15.02539050 15405
STARLINK-6372           
1 57348U 23099W   23295.70183993  .00000794  00000+0  73828-4 0  9992
2 57348  43.0028 290.3422 0001004 283.9637  76.1094 15.02542116 15405
STARLINK-6293           
1 57354U 23099AC  23295.36204364  .00002038  00000+0  16582-3 0  9993
2 57354  43.0013 279.9244 0001108 272.4323  87.6393 15.02547881 15493
STARLINK-6355           
1 57356U 23099AE  23295.42741001  .00001036  00000+0  91738-4 0  9990
2 57356  43.0014 279.5531 0000915 208.6174 151.4618 15.02551681 15506
STARLINK-6032           
1 57371U 23099AV  23295.66670114 -.00000913  00000+0 -52552-4 0  9995
2 57371  43.0019 277.9042 0001000 263.5670  96.5058 15.02529603 15544
STARLINK-6370           
1 57373U 23099AX  23295.66114623 -.00001178  00000+0 -72162-4 0  9998
2 57373  43.0025 277.8606 0001675 262.9137  97.1515 15.02530298 15544
STARLINK-6363           
1 57375U 23099AZ  23295.65671728 -.00000556  00000+0 -26109-4 0  9992
2 57375  43.0019 277.8267 0000278   5.0307 355.0538 15.02520870 15541
STARLINK-6366           
1 57380U 23099BE  23295.91667824 -.00908482  00000+0 -20828-1 0  9993
2 57380  42.9994 254.5120 0001383 265.4075 127.0703 15.44483102  6069
STARLINK-30221          
1 57418U 23102Q   23295.71514883 -.00005709  00000+0 -40799-3 0  9995
2 57418  43.0023 290.3241 0000255 270.9009  89.1805 15.02532060 15527
STARLINK-30105          
1 57433U 23105D   23295.69347496  .00033503  00000+0  14008-2 0  9990
2 57433  43.0010 293.9686 0001195 117.3656 242.7316 15.23014328 15011
STARLINK-30102          
1 57434U 23105E   23295.73486676  .00017790  00000+0  13267-2 0  9996
2 57434  43.0018 303.6148 0000687 274.3751  85.7013 15.02592289 14794
STARLINK-30183          
1 57436U 23105G   23295.73155986 -.00001733  00000+0 -11328-3 0  9994
2 57436  43.0014 303.5888 0000640 294.5837  65.4938 15.02536087 14852
STARLINK-30173          
1 57439U 23105K   23295.69179388  .00017912  00000+0  96921-3 0  9990
2 57439  43.0024 294.7991 0000901 266.2830  93.7914 15.14360780 14947
STARLINK-30159          
1 57440U 23105L   23295.72156814 -.00000141  00000+0  45895-5 0  9998
2 57440  43.0006 303.5124 0000109 285.7189  74.3641 15.02542338 14680
STARLINK-30181          
1 57444U 23105Q   23295.49881710  .00015840  00000+0  11839-2 0  9995
2 57444  43.0013 304.4222 0001125 262.6978  97.3737 15.02570363 14882
STARLINK-30091          
1 57463U 23107G   23295.69332218  .00016616  00000+0  12412-2 0  9994
2 57463  43.0031  20.8576 0001054 275.6261  84.4461 15.02566259 14390
STARLINK-30145          
1 57496U 23113B   23296.05811055  .00010283  00000+0  77512-3 0  9996
2 57496  43.0023  57.3895 0001531 268.8769  91.1898 15.02537891 12884
STARLINK-30203          
1 57498U 23113D   23295.64592417 -.00000586  00000+0 -28323-4 0  9994
2 57498  43.0035  59.4611 0001410 288.8373  71.2316 15.02528763 12957
STARLINK-30164          
1 57500U 23113F   23296.03480198  .00009872  00000+0  74491-3 0  9995
2 57500  43.0024  57.2129 0001428 268.9430  91.1249 15.02531533 12990
STARLINK-30212          
1 57506U 23113M   23295.82216593  .00011217  00000+0  84405-3 0  9995
2 57506  43.0030  59.0474 0001293 288.5447  71.5254 15.02537867 12794
STARLINK-30168          
1 57513U 23113U   23295.81550311  .00016117  00000+0  12051-2 0  9992
2 57513  43.0012  58.9817 0001329 284.7622  75.3073 15.02545359 12790
STARLINK-30149          
1 57516U 23113Y   23296.04146527  .00014813  00000+0  11093-2 0  9997
2 57516  43.0009  57.2765 0001234 298.8413  61.2306 15.02535736 12883
STARLINK-30261          
1 57523U 23115C   23296.03516604  .00013039  00000+0  97853-3 0  9991
2 57523  43.0031  44.9666 0000882 261.6577  98.4166 15.02536638 12648
STARLINK-30166          
1 57602U 23119A   23295.90385639  .00004024  00000+0  31283-3 0  9999
2 57602  42.9996 122.7211 0001579 283.2634  76.8032 15.02529813 12338
STARLINK-30218          
1 57604U 23119C   23295.89053919  .00002078  00000+0  16888-3 0  9993
2 57604  42.9997 122.6214 0001656 281.0189  79.0467 15.02526400 12392
STARLINK-30138          
1 57605U 23119D   23295.88722273  .00019026  00000+0  14199-2 0  9992
2 57605  42.9996 122.5964 0001172 278.0234  82.0475 15.02529818 12392
STARLINK-30246          
1 57615U 23119P   23295.78855602  .00012362  00000+0  92939-3 0  9990
2 57615  42.9995 122.6994 0000737 279.4021  80.6738 15.02501966 12380
STARLINK-30056          
1 57622U 23119W   23295.89825709 -.00010377  00000+0 -77133-3 0  9990
2 57622  43.0005 121.8072 0001615 285.8893  74.1771 15.01696107 12403
STARLINK-30309          
1 57632U 23122A   23295.86704159  .00005379  00000+0  41294-3 0  9990
2 57632  42.9997 135.9781 0002067 274.3689  85.6917 15.02538454 11480
STARLINK-30329          
1 57635U 23122D   23295.92685985  .00005684  00000+0  43553-3 0  9994
2 57635  42.9993 135.5678 0001351 266.7231  93.3456 15.02532682 11439
STARLINK-30243          
1 57648U 23122S   23295.87358411  .00004310  00000+0  33391-3 0  9997
2 57648  43.0004 135.1666 0001667 273.5082  86.5570 15.02537006 11493
STARLINK-30289          
1 57653U 23122X   23295.86452836  .00024460  00000+0  12602-2 0  9997
2 57653  43.0005 128.2580 0001731 288.8170  71.2489 15.15943299 11575
STARLINK-30332          
1 57700U 23129C   23295.91667824 -.00017835  00000+0 -13092-2 0  9992
2 57700  42.9991 160.6830 0001722 247.8253  42.6889 15.02515703  5968
STARLINK-30336          
1 57703U 23129F   23295.91667824 -.00018507  00000+0 -13582-2 0  9996
2 57703  42.9993 161.3324 0001083 283.6654  96.2276 15.02545032  5921
STARLINK-30342          
1 57705U 23129H   23296.16668981  .00036152  00000+0  26791-2 0  9991
2 57705  43.0000 159.2811 0001526 288.4025 293.8864 15.02513777 10002
STARLINK-30300          
1 57715U 23129T   23295.91667824  .00011826  00000+0  88928-3 0  9991
2 57715  42.9995 161.0294 0001208 218.9532 287.1723 15.02524957  5712
STARLINK-30325          
1 57717U 23129V   23295.91667824  .00014381  00000+0  10783-2 0  9995
2 57717  42.9996 160.9416 0001217 286.3198 255.8754 15.02506986  5949
STARLINK-30375          
1 57732U 23131A   23295.94890991 -.00009672  00000+0 -48390-3 0  9996
2 57732  42.9995 209.6217 0001543 257.7215 102.3460 15.15952676  9162
STARLINK-30331          
1 57740U 23131J   23295.91360110  .00015883  00000+0  11289-2 0  9992
2 57740  42.9981 212.8241 0001470 259.5520 100.5158 15.04464600  9232
STARLINK-30362          
1 57745U 23131P   23295.89185525  .00005407  00000+0  39434-3 0  9993
2 57745  42.9976 212.6628 0001094 247.1328 112.9400 15.04475784  9231
STARLINK-30350          
1 57746U 23131Q   23296.06294171  .00019639  00000+0  13918-2 0  9992
2 57746  42.9988 211.3636 0001118 251.2839 108.7883 15.04460988  9250
STARLINK-30366          
1 57749U 23131T   23295.87028545  .00008492  00000+0  61045-3 0  9993
2 57749  42.9991 212.4961 0001697 252.0224 108.0434 15.04496596  9236
STARLINK-30359          
1 57779U 23134J   23296.13655231  .00000337  00000+0  29174-4 0  9995
2 57779  42.9999 233.8774 0002386 277.2463  82.8113 15.15919380  8680
STARLINK-30380          
1 57780U 23134K   23296.14427693 -.00010945  00000+0 -54941-3 0  9994
2 57780  42.9986 237.4284 0001959 267.5258  92.5365 15.15944982  8574
STARLINK-30367          
1 57791U 23134W   23296.15566005  .00050333  00000+0  25730-2 0  9994
2 57791  42.9985 237.5134 0002358 274.6478  85.4100 15.15920732  8651
STARLINK-30374          
1 57809U 23138B   23295.08334491 -.00071054  00000+0 -50194-2 0  9998
2 57809  42.9991 281.9106 0001191 257.4510 231.6642 15.04560167  5844
STARLINK-30403          
1 57813U 23138F   23295.91667824  .00054730  00000+0  38358-2 0  9992
2 57813  42.9989 277.1938 0001760 257.3344 142.8815 15.04438788  6043
STARLINK-30386          
1 57816U 23138J   23296.23503267 -.00000717  00000+0 -35822-4 0  9994
2 57816  43.0007 275.3784 0000808 292.7303  67.3454 15.04471167  7799
STARLINK-30390          
1 57819U 23138M   23296.22587233 -.00002630  00000+0 -17032-3 0  9999
2 57819  42.9994 275.3083 0001397 265.7296  94.3388 15.04481427  8003
STARLINK-30415          
1 57821U 23138P   23295.91667824  .00047483  00000+0  33329-2 0  9991
2 57821  42.9988 276.9141 0001094 257.4358 259.8185 15.04442901  6052
STARLINK-30377          
1 57825U 23138T   23295.65798185 -.00004008  00000+0 -26714-3 0  9990
2 57825  43.0003 277.9238 0001867 268.8307  91.2322 15.04503641  7884
STARLINK-30422          
1 57826U 23138U   23294.08334491 -.00015848  00000+0 -11010-2 0  9999
2 57826  42.9996 286.6888 0000681 307.0922  81.3643 15.04508327  5952
STARLINK-30393          
1 57866U 23144C   23295.80823943 -.00002061  00000+0 -93642-4 0  9992
2 57866  43.0015 329.9777 0001313 268.5069  91.5628 15.15948722  6859
STARLINK-30442          
1 57868U 23144E   23296.16668981  .00003697  00000+0  27415-3 0  9991
2 57868  43.0002 327.2916 0001191 277.2472 162.8562 15.04500003  6901
STARLINK-30441          
1 57869U 23144F   23295.91667824  .00026557  00000+0  18746-2 0  9995
2 57869  43.0004 328.7244 0001464 276.3690 218.6039 15.04470689  5802
STARLINK-30434          
1 57875U 23144M   23295.83326177  .00000759  00000+0  50735-4 0  9998
2 57875  43.0004 330.1654 0000716 256.7878 103.2890 15.15964504  6902
STARLINK-30429          
1 57876U 23144N   23295.83099798  .00000372  00000+0  30940-4 0  9992
2 57876  43.0004 330.1506 0000339 266.1452  93.9357 15.15944783  6903
STARLINK-30282          
1 57883U 23144V   23295.81506964 -.00004602  00000+0 -22399-3 0  9996
2 57883  43.0007 330.0277 0000887 263.7001  96.3745 15.15936421  6907
STARLINK-30443          
1 57894U 23146D   23296.16668981  .00066350  00000+0  33778-2 0  9995
2 57894  42.9999 353.8344 0001634 280.5235  93.9046 15.15949445  6347
STARLINK-30482          
1 57907U 23146S   23295.91667824  .00016991  00000+0  87883-3 0  9990
2 57907  42.9995 354.9538 0001075 285.3231 274.9281 15.15988207  6063
STARLINK-30477          
1 57912U 23146X   23296.16668981  .00048608  00000+0  24834-2 0  9995
2 57912  42.9996 353.4721 0001358 263.8124 261.8779 15.15956168  6309
STARLINK-30491          
1 57916U 23147D   23296.16668981 -.02075747  00000+0 -59146-1 0  9991
2 57916  42.9998  18.9354 0001217 269.4268 297.9204 15.39094875  5817
STARLINK-30499          
1 57918U 23147F   23296.16668981 -.02103573  00000+0 -75101-1 0  9991
2 57918  43.0001  19.1360 0001408 275.1730 208.7472 15.31569328  5815
STARLINK-30492          
1 57921U 23147J   23296.16668981 -.02106311  00000+0 -72047-1 0  9994
2 57921  43.0001  19.0888 0000792 267.4144 236.2545 15.32930487  5693
STARLINK-30448          
1 57928U 23147R   23296.16668981 -.02108490  00000+0 -66096-1 0  9998
2 57928  42.9998  19.0051 0001182 265.4261 273.3369 15.35650195  5703
STARLINK-30475          
1 57929U 23147S   23296.16668981 -.02072530  00000+0 -56730-1 0  9998
2 57929  42.9998  18.9003 0001272 257.3951 324.6437 15.40294290  5707
STARLINK-30461          
1 57933U 23147W   23296.16668981 -.02108502  00000+0 -63241-1 0  9997
2 57933  42.9999  18.9675 0001074 257.6817 296.4280 15.37009340  5700
STARLINK-30396          
1 57964U 23151A   23296.25001157 -.01647878  00000+0 -22721-1 0  9993
2 57964  42.9993  33.6547 0001187 275.6958 284.8995 15.59232700  4896
STARLINK-30503          
1 57975U 23151M   23296.25001157 -.01639384  00000+0 -22496-1 0  9997
2 57975  42.9994  33.6419 0001471 264.9708 301.5392 15.59339857  4896
STARLINK-30507          
1 57982U 23151U   23296.25001157 -.01783888  00000+0 -29057-1 0  9994
2 57982  42.9993  33.8076 0001280 277.8961 221.0736 15.55068487  4887
STARLINK-30515          
1 57983U 23151V   23296.25001157 -.01785313  00000+0 -29057-1 0  9990
2 57983  42.9994  33.8059 0001396 270.1388 229.5653 15.55091518  4834
STARLINK-30519          
1 57985U 23151X   23296.25001157 -.01785141  00000+0 -29007-1 0  9996
2 57985  42.9992  33.8004 0001394 270.5077 230.6650 15.55134897  4839
STARLINK-30536          
1 57993U 23153C   23296.25001157  .00005399  00000+0  40272-4 0  9994
2 57993  43.0000 123.8971 0002210 277.0271 295.8757 15.73810652  4054
STARLINK-30545          
1 58000U 23153K   23295.91667824 -.00008772  00000+0 -57086-4 0  9996
2 58000  42.9999 125.9069 0000770 219.9991 266.3618 15.73811009  4026
STARLINK-30535          
1 58001U 23153L   23295.91667824  .00101378  00000+0  69231-3 0  9995
2 58001  43.0000 125.9057 0001006 248.3500 238.6359 15.73766292  4021
STARLINK-30525          
1 58012U 23153X   23295.91667824 -.00029963  00000+0 -20295-3 0  9995
2 58012  43.0005 125.8883 0001102 225.6917 268.0664 15.73847095  4028
STARLINK-30568          
1 58051U 23158A   23296.16668981 -.00725232  00000+0 -25895-2 0  9998
2 58051  42.9993  87.3941 0001582 275.6433 211.0315 15.89506434  2511
STARLINK-30553          
1 58056U 23158F   23296.16668981 -.00790738  00000+0 -27773-2 0  9993
2 58056  42.9991  87.3504 0001944 260.8751 243.2889 15.89968331  2667
STARLINK-30541          
1 58057U 23158G   23296.16668981 -.00781128  00000+0 -27551-2 0  9991
2 58057  42.9992  87.3608 0002313 272.5559 227.4154 15.89861724  2668
STARLINK-30480          
1 58069U 23158U   23295.91667824 -.00772569  00000+0 -25997-2 0  9992
2 58069  42.9996  88.8639 0001929 271.0477 255.9711 15.90758929  2636
