STARLINK-1014           
1 44720U 19074H   23295.82861244  .00002811  00000+0  20755-3 0  9997
2 44720  53.0534 127.0796 0001310  98.3895 261.7242 15.06389702217968
STARLINK-1020           
1 44725U 19074N   23295.87195273  .00008241  00000+0  57159-3 0  9990
2 44725  53.0542 146.8934 0001191  88.9649 271.1477 15.06394910217685
STARLINK-1028           
1 44733U 19074W   23295.85903873  .00001692  00000+0  13245-3 0  9991
2 44733  53.0526 126.9499 0001378  89.8168 270.2979 15.06394005217967
STARLINK-1047           
1 44752U 19074AR  23295.90881793 -.00000395  00000+0 -76094-5 0  9998
2 44752  53.0545 146.7289 0001607  88.7159 271.4014 15.06378104217526
STARLINK-1049           
1 44754U 19074AT  23295.79261634  .01060626  70186-3  99326-3 0  9992
2 44754  53.0287  26.6563 0012862 352.3364 101.1305 16.11439055219350
STARLINK-1055           
1 44760U 19074AZ  23295.90187210  .00008795  00000+0  40051-3 0  9992
2 44760  53.0522 148.6057 0001829 149.6867 210.4234 15.21444713217516
STARLINK-1103           
1 44921U 20001H   23296.15297398  .00015416  00000+0  10518-2 0  9992
2 44921  53.0556 285.6224 0004292  80.3616 279.7857 15.06388561208914
STARLINK-1104           
1 44922U 20001J   23296.18709649  .00011496  00000+0  78993-3 0  9999
2 44922  53.0552 285.4784 0001485  89.0446 271.0713 15.06375438208946
STARLINK-1113           
1 44926U 20001N   23296.21289820 -.00005764  00000+0 -36860-3 0  9991
2 44926  53.0546 285.4523 0001626  85.9173 274.2002 15.06377386209629
STARLINK-1119           
1 44928U 20001Q   23296.00002315  .01374087  00000+0  68091-1 0  9997
2 44928  53.0534 286.2358 0001481 109.1707 159.8440 15.14315856  5850
STARLINK-1069           
1 44955U 20001AT  23296.00002315  .00221157  00000+0  79976-3 0  9991
2 44955  53.0451 222.9168 0004201 157.1502 294.4854 15.87477626  5829
STARLINK-1080           
1 44961U 20001AZ  23296.14286435  .00009866  00000+0  68058-3 0  9990
2 44961  53.0532 245.6781 0002296 107.0678 253.0563 15.06385572209507
STARLINK-1166           
1 45060U 20006S   23296.07836013  .00005403  00000+0  38160-3 0  9995
2 45060  53.0531 225.9681 0002130 113.0783 247.0431 15.06377213205885
STARLINK-1169           
1 45061U 20006T   23296.08573517  .00016355  00000+0  11154-2 0  9995
2 45061  53.0534 225.9337 0001627 112.1109 248.0053 15.06363240205885
STARLINK-1168           
1 45072U 20006AE  23296.04701316  .00023754  00000+0  16063-2 0  9998
2 45072  53.0553 206.1101 0001541  86.6144 273.5021 15.06443545206153
STARLINK-1149           
1 45079U 20006AM  23296.02764683  .00002028  00000+0  15500-3 0  9996
2 45079  53.0530 206.1848 0001811  73.1488 286.9699 15.06407561205803
STARLINK-1173           
1 45084U 20006AS  23296.01569286 -.00014031  00000+0 -92500-3 0  9997
2 45084  53.0531 186.2494 0001341  73.8806 286.2331 15.06396430206544
STARLINK-1179           
1 45085U 20006AT  23296.01202776  .00025512  00000+0  17268-2 0  9997
2 45085  53.0534 186.2660 0001285  89.8000 270.3137 15.06370110206436
STARLINK-1176           
1 45090U 20006AY  23296.00367841  .00005046  00000+0  35716-3 0  9996
2 45090  53.0545 186.2945 0001339  79.9446 280.1694 15.06426799206098
STARLINK-1137           
1 45092U 20006BA  23295.97885171  .00000399  00000+0  45735-4 0  9993
2 45092  53.0545 186.4112 0001855 106.6919 253.4274 15.06386520206436
STARLINK-1147           
1 45095U 20006BD  23295.99263838  .00002626  00000+0  19524-3 0  9999
2 45095  53.0533 186.3433 0001919  85.3432 274.7776 15.06376528206446
STARLINK-1186           
1 45099U 20006BH  23295.93460223 -.00013229  00000+0 -87096-3 0  9996
2 45099  53.0538 186.6148 0001126  77.7054 282.4061 15.06396204206431
STARLINK-1138           
1 45178U 20012A   23295.86824913  .00001098  00000+0  92582-4 0  9999
2 45178  53.0551 346.9068 0001468 102.3419 257.7735 15.06402049203823
STARLINK-1201           
1 45182U 20012E   23295.81111888  .00021568  00000+0  14628-2 0  9996
2 45182  53.0539 327.1705 0001640  97.0203 263.0973 15.06390514204004
STARLINK-1216           
1 45185U 20012H   23295.88668970  .00027619  00000+0  18661-2 0  9999
2 45185  53.0544 346.8289 0001730  67.2236 292.8935 15.06393430203246
STARLINK-1230           
1 45189U 20012M   23295.84245078  .00010903  00000+0  74968-3 0  9990
2 45189  53.0548 347.0292 0001461 101.2657 258.8496 15.06403254201101
STARLINK-1269           
1 45197U 20012V   23295.85351448  .00022488  00000+0  15238-2 0  9994
2 45197  53.0553 346.9788 0001547 109.4608 250.6548 15.06399885203851
STARLINK-1206           
1 45204U 20012AC  23295.81481396  .00023551  00000+0  15949-2 0  9996
2 45204  53.0554 327.1511 0001690  75.1909 284.9267 15.06395147203224
STARLINK-1209           
1 45206U 20012AE  23295.73187624  .00006851  00000+0  47844-3 0  9990
2 45206  53.0552 307.5223 0001419  84.4095 275.7056 15.06394619203478
STARLINK-1211           
1 45208U 20012AG  23296.09119948  .00041529  00000+0  25521-3 0  9995
2 45208  52.9965 234.2110 0002005 117.6799 242.4423 15.76838071204460
STARLINK-1232           
1 45213U 20012AM  23296.00002315  .00187086  00000+0  10429-2 0  9990
2 45213  53.0422 136.7516 0002164 186.0569   3.2818 15.78369801  6039
STARLINK-1245           
1 45215U 20012AP  23295.80006466  .00002961  00000+0  21761-3 0  9990
2 45215  53.0554 327.2165 0001499  96.8246 263.2914 15.06400628204099
STARLINK-1187           
1 45219U 20012AT  23295.77241972  .00010923  00000+0  75103-3 0  9999
2 45219  53.0554 307.3491 0001784  87.0819 273.0374 15.06402732204445
STARLINK-1189           
1 45221U 20012AV  23296.17418018 -.00000751  00000+0 -31502-4 0  9990
2 45221  53.0559 305.5377 0001481  84.5352 275.5806 15.06397324203552
STARLINK-1191           
1 45222U 20012AW  23295.91616843  .00016359  00000+0  11141-2 0  9992
2 45222  53.0548 306.6975 0001901  97.6483 262.4722 15.06415550204458
STARLINK-1238           
1 45233U 20012BH  23295.80744012  .00020267  00000+0  13755-2 0  9998
2 45233  53.0551 327.1807 0001504  92.6169 267.4992 15.06401881204143
STARLINK-1281           
1 45370U 20019L   23296.19261852  .00002157  00000+0  16370-3 0  9991
2 45370  53.0530 105.4525 0001320  95.6955 264.4185 15.06395635198803
STARLINK-1305           
1 45377U 20019T   23295.74294893  .00002530  00000+0  18868-3 0  9998
2 45377  53.0532 107.4725 0001385  92.9024 267.2124 15.06406287198769
STARLINK-1258           
1 45381U 20019X   23295.74477104 -.00003176  00000+0 -19453-3 0  9991
2 45381  53.0522  87.4656 0001423  97.2631 262.8520 15.06381082199035
STARLINK-1266           
1 45383U 20019Z   23296.13547990  .00001181  00000+0  98207-4 0  9995
2 45383  53.0541  85.7092 0001605  93.4351 266.6821 15.06391244199095
STARLINK-1272           
1 45386U 20019AC  23296.12810425 -.00002463  00000+0 -14656-3 0  9994
2 45386  53.0538  85.7442 0001288  97.2057 262.9078 15.06395625199095
STARLINK-1280           
1 45388U 20019AE  23295.78716573  .00000990  00000+0  85398-4 0  9999
2 45388  53.0524 107.2722 0001376  84.7351 275.3795 15.06390522198756
STARLINK-1292           
1 45394U 20019AL  23295.74846047  .00001074  00000+0  90999-4 0  9999
2 45394  53.0528  87.4456 0001402  92.3571 267.7579 15.06385198198779
STARLINK-1260           
1 45404U 20019AW  23295.70515581 -.00004862  00000+0 -30797-3 0  9992
2 45404  53.0546  77.6406 0000760  69.0129 291.0941 15.06370468198882
STARLINK-1275           
1 45407U 20019AZ  23296.17590730  .00024812  00000+0  16731-2 0  9992
2 45407  53.0538  75.5252 0001498  77.5684 282.5472 15.06525007198954
STARLINK-1296           
1 45412U 20019BE  23295.70146082 -.00002263  00000+0 -13316-3 0  9998
2 45412  53.0539  77.6581 0001353  95.1538 264.9605 15.06382000198881
STARLINK-1298           
1 45413U 20019BF  23295.66461008  .00013773  00000+0  94271-3 0  9997
2 45413  53.0536  77.8192 0001476  98.7084 261.4072 15.06359780198979
STARLINK-1338           
1 45532U 20025B   23296.02123060 -.00000638  00000+0 -23933-4 0  9996
2 45532  53.0558  46.2249 0001412 103.3832 256.7314 15.06394813193586
STARLINK-1352           
1 45536U 20025F   23295.72266826  .00020331  00000+0  13812-2 0  9997
2 45536  53.0549  47.5649 0001453 104.3601 255.7549 15.06363575194118
STARLINK-1368           
1 45540U 20025K   23295.72635276 -.00003403  00000+0 -20983-3 0  9992
2 45540  53.0550  47.5463 0001628 102.1162 258.0009 15.06367685194114
STARLINK-1342           
1 45558U 20025AD  23295.54021510 -.00067770  00000+0 -45879-2 0  9998
2 45558  53.0556  28.3832 0001950  88.4192 271.7020 15.06289359193769
STARLINK-1358           
1 45566U 20025AM  23295.53653518 -.00061229  00000+0 -41395-2 0  9997
2 45566  53.0564  28.4009 0001619  97.8433 262.2739 15.06289288193761
STARLINK-1320           
1 45572U 20025AT  23296.25001157  .00008677  00000+0  60038-3 0  9992
2 45572  53.0555   9.9217 0001217 102.3863 296.9782 15.06418515194081
STARLINK-1321           
1 45573U 20025AU  23295.92817076  .00038320  00000+0  25776-2 0  9998
2 45573  53.0557  16.6420 0001596  68.4442 291.6717 15.06398828193960
STARLINK-1324           
1 45574U 20025AV  23295.55587917  .00015672  00000+0  10694-2 0  9994
2 45574  53.0557  18.3160 0001328 101.4039 258.7099 15.06373687194520
STARLINK-1328           
1 45576U 20025AX  23295.51532941  .00005809  00000+0  40876-3 0  9996
2 45576  53.0560  18.4929 0001678  96.7228 263.3952 15.06377981193906
STARLINK-1335           
1 45581U 20025BC  23295.51902108  .00018505  00000+0  12593-2 0  9999
2 45581  53.0553  18.4776 0001339  92.3761 267.7381 15.06359102193901
STARLINK-1347           
1 45586U 20025BH  23295.93184336  .00029811  00000+0  20117-2 0  9998
2 45586  53.0554  16.6259 0001407 114.4336 245.6800 15.06400869193956
STARLINK-1443           
1 45660U 20035D   23295.47939394 -.00001981  00000+0 -11420-3 0  9991
2 45660  53.0538   8.6592 0001515  75.6192 284.4965 15.06379602187316
STARLINK-1445           
1 45662U 20035F   23295.91065818  .00008295  00000+0  57507-3 0  9992
2 45662  53.0562   6.7247 0001633  94.0553 266.0623 15.06401376187421
STARLINK-1448           
1 45665U 20035J   23295.48308352  .00017044  00000+0  11614-2 0  9990
2 45665  53.0546   8.6428 0001630 108.7149 251.4017 15.06367199187710
STARLINK-1449           
1 45666U 20035K   23295.48581707  .00017979  00000+0  12239-2 0  9999
2 45666  53.0558   8.5885 0001371  82.5599 277.5545 15.06366517187718
STARLINK-1460           
1 45676U 20035V   23295.49045207  .00014058  00000+0  96145-3 0  9995
2 45676  53.0561   8.6068 0001247 104.5885 255.5243 15.06374309187687
STARLINK-1393           
1 45678U 20035X   23295.89314334  .00025891  00000+0  17508-2 0  9993
2 45678  53.0548 356.8021 0001474  86.6256 273.4902 15.06397079187517
STARLINK-1402           
1 45685U 20035AE  23296.25001157 -.00331420  00000+0 -21468-1 0  9997
2 45685  53.0556 349.6664 0001257  93.5040 191.7279 15.09376623187642
STARLINK-1408           
1 45688U 20035AH  23295.79455360  .00028392  00000+0  11189-2 0  9996
2 45688  53.0841 325.7016 0003958 235.9604 124.1018 15.25389399187942
STARLINK-1409           
1 45704U 20035AZ  23295.93182375  .00029737  00000+0  20068-2 0  9994
2 45704  53.0553   6.6264 0001617  64.7925 295.3232 15.06400558187382
STARLINK-1410           
1 45705U 20035BA  23296.00002315  .01354067  00000+0  76344-1 0  9994
2 45705  53.0551   6.3060 0001242  89.4150 143.6631 15.09693722  5815
STARLINK-1412           
1 45707U 20035BC  23295.81389414  .00023361  00000+0  15819-2 0  9992
2 45707  53.0543 337.1573 0001661  79.1513 280.9663 15.06401789188196
STARLINK-1433           
1 45711U 20035BG  23295.40475050  .00011162  00000+0  76726-3 0  9995
2 45711  53.0544 338.9941 0001617 100.5420 259.5751 15.06389876188122
STARLINK-1436 (VISORSAT)
1 45713U 20035BJ  23295.88577241  .00003249  00000+0  23698-3 0  9991
2 45713  53.0563 356.8330 0001298  85.6045 274.5093 15.06387620187510
STARLINK-1467           
1 45733U 20038D   23295.91249075  .00012117  00000+0  49963-3 0  9998
2 45733  53.0747 146.9622 0008518  89.4675 270.7298 15.24456038185671
STARLINK-1483           
1 45743U 20038P   23295.96498493  .00027202  00000+0  18344-2 0  9993
2 45743  53.0540 176.4571 0001303  94.9934 265.1204 15.06472886185256
STARLINK-1500           
1 45744U 20038Q   23295.93186045  .00022849  00000+0  15486-2 0  9994
2 45744  53.0528 176.6259 0001287  91.3071 268.8065 15.06382996185259
STARLINK-1504           
1 45746U 20038S   23295.93554102  .00003099  00000+0  22694-3 0  9995
2 45746  53.0527 176.6068 0001100  92.7319 267.3796 15.06383335185244
STARLINK-1507           
1 45748U 20038U   23295.92815776  .00003786  00000+0  27291-3 0  9994
2 45748  53.0533 176.6515 0000965 103.1037 257.0060 15.06395890185241
STARLINK-1487           
1 45758U 20038AE  23295.87046648  .00009785  00000+0  43387-3 0  9992
2 45758  53.0504 137.5444 0002435 200.3914 159.6985 15.22230771186917
STARLINK-1459           
1 45769U 20038AR  23295.93090820  .00028892  00000+0  19522-2 0  9995
2 45769  53.0529 176.6571 0001495 114.4656 245.6489 15.06369317185256
STARLINK-1462           
1 45770U 20038AS  23295.86455564  .00000827  00000+0  74410-4 0  9996
2 45770  53.0536 136.9260 0001357  72.2839 287.8298 15.06383987185795
STARLINK-1463           
1 45771U 20038AT  23295.85813299  .00007162  00000+0  49924-3 0  9999
2 45771  53.0544 136.9568 0000828  74.7765 285.3315 15.06396581186915
STARLINK-1482           
1 45773U 20038AV  23295.83970421 -.00000874  00000+0 -39789-4 0  9994
2 45773  53.0540 137.0393 0001759 100.0437 260.0750 15.06383331186769
STARLINK-1485           
1 45774U 20038AW  23295.87656489  .00000957  00000+0  83181-4 0  9999
2 45774  53.0530 136.8739 0001274  82.9951 277.1183 15.06383347186925
STARLINK-1496           
1 45780U 20038BC  23296.07192083  .00020667  00000+0  14020-2 0  9998
2 45780  53.0533 135.9966 0001343  81.9732 278.1410 15.06408150186755
STARLINK-1510           
1 45784U 20038BG  23295.86918834 -.00003091  00000+0 -18883-3 0  9994
2 45784  53.0538 136.9051 0001145  86.3380 273.7740 15.06381681186721
STARLINK-1523           
1 46028U 20055B   23296.09679513  .00026255  00000+0  17756-2 0  9991
2 46028  53.0537  65.8809 0001446  73.9607 286.1541 15.06386188177466
STARLINK-1580           
1 46041U 20055Q   23295.64710723 -.00004188  00000+0 -26262-3 0  9991
2 46041  53.0537  67.9852 0001436  98.9934 261.1218 15.06375200177873
STARLINK-1554           
1 46055U 20055AE  23296.06822635  .00030411  00000+0  20523-2 0  9998
2 46055  53.0538  56.0118 0001423 111.7148 248.3993 15.06389522177576
STARLINK-1570           
1 46059U 20055AJ  23296.04243590  .00027836  00000+0  18807-2 0  9996
2 46059  53.0545  56.1266 0001377  76.6470 283.4672 15.06391450177575
STARLINK-1572           
1 46060U 20055AK  23296.03873681  .00025150  00000+0  17017-2 0  9996
2 46060  53.0549  56.1420 0001328  99.7473 260.3666 15.06391533177577
STARLINK-1566           
1 46079U 20055BE  23295.58720928 -.00003397  00000+0 -20943-3 0  9994
2 46079  53.0546  38.1755 0001474  78.0114 282.1040 15.06375857178311
STARLINK-1571           
1 46081U 20055BG  23295.57982971 -.00000736  00000+0 -30538-4 0  9990
2 46081  53.0541  38.2003 0001407 100.1449 259.9698 15.06381937178306
STARLINK-1618           
1 46125U 20057J   23296.13825793  .00023289  00000+0  15786-2 0  9994
2 46125  53.0546 255.6980 0000817  87.5841 272.5241 15.06366964175818
STARLINK-1619           
1 46126U 20057K   23296.11245271  .00006385  00000+0  44734-3 0  9994
2 46126  53.0545 255.8124 0001301 115.6322 244.4802 15.06384504175817
STARLINK-1637           
1 46133U 20057S   23295.92447427 -.00003548  00000+0 -21949-3 0  9990
2 46133  53.0543 216.6555 0001856 107.3661 252.7531 15.06383361176930
STARLINK-1606           
1 46144U 20057AD  23296.12905043  .00029759  00000+0  20100-2 0  9995
2 46144  53.0545 235.7363 0002184  87.0456 273.0783 15.06367956176100
STARLINK-1629           
1 46150U 20057AK  23296.10508654 -.00001720  00000+0 -96657-4 0  9999
2 46150  53.0545 255.8478 0001548  97.3604 262.7561 15.06372215175819
STARLINK-1587           
1 46157U 20057AS  23296.04610367 -.00000416  00000+0 -90458-5 0  9999
2 46157  53.0550 216.1129 0002120  75.1991 284.9233 15.06396589176368
STARLINK-1628           
1 46169U 20057BE  23296.13093047  .00008351  00000+0  57925-3 0  9996
2 46169  53.0549 256.1132 0001067  77.0564 283.0544 15.06372934175758
STARLINK-1633           
1 46171U 20057BG  23296.09218033 -.00002375  00000+0 -14063-3 0  9996
2 46171  53.0545 235.9046 0001933  97.4418 262.6790 15.06379329176080
STARLINK-1723           
1 46333U 20062J   23295.78993151  .00015513  00000+0  10581-2 0  9994
2 46333  53.0549 317.2637 0001389  87.2005 272.9143 15.06397378173344
STARLINK-1752           
1 46338U 20062P   23295.34393394  .00017497  00000+0  11911-2 0  9995
2 46338  53.0544 319.2654 0001626  95.7972 264.3203 15.06384898173273
STARLINK-1762           
1 46342U 20062T   23295.76781585  .00016488  00000+0  11234-2 0  9996
2 46342  53.0550 317.3621 0001482  77.8702 282.2453 15.06392302173523
STARLINK-1764           
1 46343U 20062U   23295.29785256  .00015687  00000+0  10700-2 0  9991
2 46343  53.0550 299.4714 0001589  80.4961 279.6207 15.06387526173554
STARLINK-1767           
1 46345U 20062W   23295.78255879  .00017715  00000+0  12055-2 0  9999
2 46345  53.0547 317.2958 0001679  76.0439 284.0737 15.06389653173340
STARLINK-1547           
1 46347U 20062Y   23296.20505782  .00000620  00000+0  60524-4 0  9993
2 46347  53.0542 270.3977 0001535  99.0170 261.0993 15.06384822174214
STARLINK-1656           
1 46353U 20062AE  23295.79730468  .00015592  00000+0  10633-2 0  9992
2 46353  53.0538 317.2304 0001387  93.3130 266.8017 15.06400924173344
STARLINK-1722           
1 46361U 20062AN  23296.11933407 -.00003166  00000+0 -19387-3 0  9998
2 46361  53.0541 270.7724 0001944 101.4901 258.6307 15.06376252174193
STARLINK-1763           
1 46364U 20062AR  23296.09270557  .00010967  00000+0  75441-3 0  9996
2 46364  53.0545 251.4079 0001683  83.6912 276.4269 15.06378761174475
STARLINK-1651           
1 46366U 20062AT  23296.12397520 -.00000285  00000+0 -22844-6 0  9998
2 46366  53.0528 270.7630 0001785  83.7897 276.3296 15.06392281174204
STARLINK-1658           
1 46368U 20062AV  23295.72447881  .00016017  00000+0  10918-2 0  9994
2 46368  53.0534 297.5491 0001503  85.1302 274.9858 15.06396972173624
STARLINK-1670           
1 46370U 20062AX  23295.29048401  .00016759  00000+0  11416-2 0  9991
2 46370  53.0547 299.5031 0001713 101.5900 258.5281 15.06391016173557
STARLINK-1724           
1 46375U 20062BC  23296.11660520  .00022554  00000+0  15287-2 0  9990
2 46375  53.0536 270.7941 0001268  84.8925 275.2209 15.06386909174200
STARLINK-1742           
1 46376U 20062BD  23296.13134144  .00002797  00000+0  20665-3 0  9995
2 46376  53.0540 270.7251 0001630  90.0713 270.0463 15.06390505174209
STARLINK-1659           
1 46534U 20070C   23295.79730667  .00000258  00000+0  36200-4 0  9996
2 46534  53.0532 117.2266 0001464  98.3447 261.7708 15.06390020168548
STARLINK-1678           
1 46538U 20070G   23295.78993464 -.00000552  00000+0 -18158-4 0  9996
2 46538  53.0531 117.2626 0001430  81.7691 278.3460 15.06384437168534
STARLINK-1694           
1 46544U 20070N   23295.75261019  .00001196  00000+0  99176-4 0  9996
2 46544  53.0550 102.4273 0001206  87.9854 272.1273 15.06387869168745
STARLINK-1671           
1 46554U 20070Y   23295.74155177 -.00000902  00000+0 -41660-4 0  9994
2 46554  53.0533 102.4766 0001573  90.3356 269.7814 15.06385273168746
STARLINK-1679           
1 46557U 20070AB  23295.73989605 -.00000826  00000+0 -34728-4 0  9999
2 46557  53.0537 102.0818 0001415  96.8900 263.2251 15.08014197168759
STARLINK-1741           
1 46567U 20070AM  23295.77333559 -.00001073  00000+0 -53174-4 0  9996
2 46567  53.0534  97.3354 0001385  93.0568 267.0579 15.06386829168828
STARLINK-1747           
1 46569U 20070AP  23295.72173120 -.00003561  00000+0 -22041-3 0  9991
2 46569  53.0530  97.5678 0001508  80.1518 279.9641 15.06381009168812
STARLINK-1682           
1 46577U 20070AX  23295.74523961  .00000350  00000+0  42422-4 0  9991
2 46577  53.0535 102.4622 0001417  93.7466 266.3685 15.06392735168740
STARLINK-1683           
1 46578U 20070AY  23296.12444798  .00001474  00000+0  11789-3 0  9994
2 46578  53.0538  85.8047 0001469  92.9493 267.1664 15.06390461168714
STARLINK-1705           
1 46579U 20070AZ  23295.73049405  .00000520  00000+0  53798-4 0  9995
2 46579  53.0534 102.5273 0001453  99.9177 260.1976 15.06387248168749
STARLINK-1732           
1 46584U 20070BE  23295.72910603 -.00000046  00000+0  15821-4 0  9996
2 46584  53.0519  97.5331 0001463  92.8126 267.3031 15.06391946168812
STARLINK-1737           
1 46586U 20070BG  23295.73647763 -.00000153  00000+0  86208-5 0  9990
2 46586  53.0538  97.4987 0001405  91.7542 268.3608 15.06391641168810
STARLINK-1715           
1 46671U 20073B   23295.99360769 -.00005494  00000+0 -35040-3 0  9994
2 46671  53.0540 186.5909 0001693 105.3952 254.7224 15.06380335166604
STARLINK-1716           
1 46672U 20073C   23295.94429253  .00009897  00000+0  68228-3 0  9997
2 46672  53.0522 181.5690 0001623  91.7337 268.3838 15.06405237166190
STARLINK-1717           
1 46673U 20073D   23295.92634346  .00008169  00000+0  56763-3 0  9999
2 46673  53.0533 196.7764 0001989  63.7307 296.3886 15.06336175165977
STARLINK-1766           
1 46677U 20073H   23295.96272239  .00000268  00000+0  36905-4 0  9995
2 46677  53.0539 181.4842 0001382 104.0233 256.0910 15.06381450166674
STARLINK-1775           
1 46681U 20073M   23296.00740840  .00017369  00000+0  11839-2 0  9991
2 46681  53.0547 196.2861 0001166  90.0728 270.0395 15.06343114166461
STARLINK-1781           
1 46685U 20073R   23296.07650439  .00086992  00000+0  57915-2 0  9999
2 46685  53.0541 195.9672 0001296  72.4676 287.6455 15.06374287166472
STARLINK-1789           
1 46690U 20073W   23295.87147681  .00012186  00000+0  83660-3 0  9993
2 46690  53.0524 171.8957 0001644 109.4346 250.6821 15.06352971166316
STARLINK-1791           
1 46692U 20073Y   23295.98896479 -.00023296  00000+0 -15504-2 0  9990
2 46692  53.0526 196.3692 0000946  84.3624 275.7473 15.06395274166462
STARLINK-1797           
1 46698U 20073AE  23295.97281562 -.00016836  00000+0 -11140-2 0  9990
2 46698  53.0531 181.4318 0001693  66.4562 293.6605 15.06399601166651
STARLINK-1800           
1 46700U 20073AG  23296.04795083  .00021306  00000+0  14473-2 0  9999
2 46700  53.0540 196.1040 0001616  61.8367 298.2785 15.06338058166476
STARLINK-1813           
1 46711U 20073AT  23295.95166165  .00005719  00000+0  40253-3 0  9999
2 46711  53.0531 181.5358 0001652  94.3692 265.7486 15.06398060166656
STARLINK-1825           
1 46722U 20073BE  23295.93369463  .00010459  00000+0  72093-3 0  9999
2 46722  53.0527 196.6177 0001694  77.9878 282.1300 15.06350403165979
STARLINK-1828           
1 46725U 20073BH  23296.02952168  .00018491  00000+0  12579-2 0  9999
2 46725  53.0547 196.1857 0000902  92.0587 268.0506 15.06374224166474
STARLINK-1917           
1 46767U 20074AE  23296.18802297  .00015591  00000+0  10639-2 0  9993
2 46767  53.0541 275.4767 0001854  91.2039 268.9162 15.06377325165577
STARLINK-1835           
1 46782U 20074AV  23295.60979300  .00001516  00000+0  12070-3 0  9990
2 46782  53.0550 253.0687 0002465  77.1084 283.0180 15.06390762165825
STARLINK-1893           
1 46786U 20074AZ  23296.12397966  .00026624  00000+0  18007-2 0  9996
2 46786  53.0544 230.7634 0002184  80.4791 279.6444 15.06374530165869
STARLINK-1934           
1 46792U 20074BF  23296.13687907  .00012247  00000+0  84024-3 0  9990
2 46792  53.0538 250.7046 0001337  76.7863 283.3275 15.06374796165571
STARLINK-1948           
1 46798U 20074BM  23296.17970229  .00013542  00000+0  92698-3 0  9997
2 46798  53.0539 275.5121 0001470  88.7890 271.3267 15.06371308165303
STARLINK-1777           
1 47122U 20088A   23296.06776664  .00022534  00000+0  15272-2 0  9992
2 47122  53.0534 241.0122 0001556 108.6880 251.4278 15.06391406161213
STARLINK-1812           
1 47126U 20088E   23296.15991025  .00005608  00000+0  39531-3 0  9994
2 47126  53.0531 240.6027 0001694 104.1363 255.9814 15.06376829161232
STARLINK-1852           
1 47139U 20088T   23295.56418765 -.00006291  00000+0 -40397-3 0  9990
2 47139  53.0547 248.4739 0001581  85.6969 274.4200 15.06382535161066
STARLINK-1856           
1 47143U 20088X   23296.13503338  .00005637  00000+0  39708-3 0  9995
2 47143  53.0540 230.7139 0001648  92.0758 268.0420 15.06391513161355
STARLINK-1861           
1 47148U 20088AC  23296.12029792  .00027122  00000+0  18347-2 0  9994
2 47148  53.0548 230.7803 0002107  94.5990 265.5239 15.06359014161318
STARLINK-1863           
1 47150U 20088AE  23296.14240100  .00013074  00000+0  89535-3 0  9996
2 47150  53.0533 230.6773 0001749  97.8641 262.2547 15.06383522161328
STARLINK-1864           
1 47151U 20088AF  23296.14148385 -.00019528  00000+0 -12981-2 0  9991
2 47151  53.0551 240.6833 0001720 109.0068 251.1107 15.06331418161174
STARLINK-1879           
1 47164U 20088AU  23296.11016134  .00048728  00000+0  32680-2 0  9998
2 47164  53.0531 220.8241 0001511  74.0398 286.0757 15.06396022161455
STARLINK-1880           
1 47165U 20088AV  23296.11568009  .00013717  00000+0  93867-3 0  9997
2 47165  53.0539 240.8000 0002154 112.2642 247.8576 15.06371837161170
STARLINK-1884           
1 47167U 20088AX  23296.16728468  .00017900  00000+0  12185-2 0  9992
2 47167  53.0541 240.5675 0001111 113.3418 246.7688 15.06370320161230
STARLINK-1888           
1 47171U 20088BB  23296.10554423 -.00005700  00000+0 -36446-3 0  9993
2 47171  53.0545 230.8423 0001500 103.3206 256.7950 15.06362004161354
STARLINK-1912           
1 47178U 20088BJ  23296.13780417  .00025504  00000+0  17258-2 0  9998
2 47178  53.0553 240.7001 0001629 106.9357 253.1811 15.06380691160921
STARLINK-2011           
1 47350U 21005B   23295.47433008  .00019434  00000+0  13209-2 0  9994
2 47350  53.0554   3.6805 0001589  67.7301 292.3857 15.06373621152033
STARLINK-2071           
1 47361U 21005N   23295.84199761  .00010823  00000+0  74439-3 0  9998
2 47361  53.0554 332.0296 0001604 112.2594 247.8565 15.06398141152503
STARLINK-2084           
1 47368U 21005V   23295.47064209  .00019179  00000+0  13041-2 0  9996
2 47368  53.0559   3.6954 0002273 104.4586 255.6655 15.06365820152037
STARLINK-2092           
1 47373U 21005AA  23295.87978673  .00029591  00000+0  19976-2 0  9997
2 47373  53.0555   1.8599 0001569 105.8609 254.2553 15.06391087152094
STARLINK-2103           
1 47383U 21005AL  23295.36376717  .00003945  00000+0  28357-3 0  9992
2 47383  53.0557 324.4570 0001778  92.7829 267.3363 15.06401297152572
STARLINK-2105           
1 47385U 21005AN  23295.83094106  .00021634  00000+0  14668-2 0  9999
2 47385  53.0556 332.0767 0001368  86.8275 273.2870 15.06399474152505
STARLINK-2110           
1 47389U 21005AS  23295.84012857  .00023811  00000+0  16120-2 0  9991
2 47389  53.0548 342.0289 0001580 109.8143 250.3017 15.06400552152369
STARLINK-2111           
1 47390U 21005AT  23295.90190827  .00034318  00000+0  23119-2 0  9994
2 47390  53.0550   1.7638 0001230  95.1703 264.9426 15.06395533152099
STARLINK-2113           
1 47392U 21005AV  23295.84568558  .00023365  00000+0  15823-2 0  9992
2 47392  53.0546 332.0130 0001694  95.6429 264.4753 15.06399770152508
STARLINK-2122           
1 47400U 21005BD  23295.76920060  .00018231  00000+0  12398-2 0  9993
2 47400  53.0552 322.3662 0001703  78.0358 282.0822 15.06395740152634
STARLINK-2123           
1 47401U 21005BE  23295.58766850  .00018189  00000+0  12372-2 0  9993
2 47401  53.0548 333.1724 0001617 104.5017 255.6152 15.06388765152473
STARLINK-1954           
1 47555U 21009H   23295.79131608  .00001509  00000+0  12019-3 0  9994
2 47555  53.0558 322.2600 0001811  87.3879 272.7317 15.06392893149832
STARLINK-1962           
1 47563U 21009R   23295.81710981  .00003495  00000+0  25339-3 0  9998
2 47563  53.0551 322.1386 0001628  90.9993 269.1182 15.06403859149832
STARLINK-1975           
1 47573U 21009AB  23295.76643253  .00011898  00000+0  81638-3 0  9990
2 47573  53.0539 312.3691 0001518  96.4943 263.6219 15.06396649149965
STARLINK-1976           
1 47574U 21009AC  23295.84845347  .00026786  00000+0  18105-2 0  9998
2 47574  53.0542 342.0030 0001683  71.5200 288.5972 15.06396559150155
STARLINK-1981           
1 47579U 21009AH  23295.35728948  .00014676  00000+0  10024-2 0  9993
2 47579  53.0537 314.2071 0001603 104.9886 255.1280 15.06389514149909
STARLINK-1991           
1 47587U 21009AR  23295.79223382  .00018764  00000+0  12750-2 0  9992
2 47587  53.0546 312.2522 0001632  81.4594 278.6579 15.06407707149977
STARLINK-1993           
1 47588U 21009AS  23295.78393137 -.00001142  00000+0 -57811-4 0  9991
2 47588  53.0572 322.2890 0001481  98.0487 262.0670 15.06395798149833
STARLINK-1998           
1 47593U 21009AX  23295.86687920  .00028880  00000+0  19495-2 0  9992
2 47593  53.0555 341.9160 0001584 111.0921 249.0238 15.06404913150164
STARLINK-2001           
1 47596U 21009BA  23295.82264746  .00026224  00000+0  17731-2 0  9999
2 47596  53.0550 342.1182 0001647 108.6065 251.5103 15.06395244150154
STARLINK-2005           
1 47600U 21009BE  23296.17280211  .00011970  00000+0  82092-3 0  9994
2 47600  53.0549 300.5134 0001519  96.6487 263.4674 15.06407990150781
STARLINK-2025           
1 47607U 21009BM  23295.72722074  .00002127  00000+0  16158-3 0  9993
2 47607  53.0556 307.3429 0001591  77.9301 282.1866 15.06409196150034
STARLINK-1528           
1 47620U 21012A   23295.91202481  .00006757  00000+0  47207-3 0  9990
2 47620  53.0555  11.7124 0001337 100.7568 259.3571 15.06399977149036
STARLINK-1609           
1 47621U 21012B   23295.50657996  .00009491  00000+0  65586-3 0  9999
2 47621  53.0559  13.5303 0001516 107.4642 252.6513 15.06363786148463
STARLINK-1974           
1 47629U 21012K   23296.11106523  .00016069  00000+0  10964-2 0  9998
2 47629  53.0541 250.8214 0001315  79.3281 280.7856 15.06358769150237
STARLINK-2013           
1 47636U 21012S   23295.44576021  .00018361  00000+0  12493-2 0  9991
2 47636  53.0553 353.8100 0001619 101.8504 258.2666 15.06370406149242
STARLINK-2022           
1 47643U 21012Z   23295.87333356  .00027695  00000+0  18708-2 0  9993
2 47643  53.0562 351.8894 0001686 108.3753 251.7419 15.06401427148791
STARLINK-2035           
1 47651U 21012AH  23295.91573751  .00053964  00000+0  36130-2 0  9999
2 47651  53.0565  11.7456 0001379  97.7354 262.3791 15.06411326148527
STARLINK-2039           
1 47655U 21012AM  23295.93415766  .00030202  00000+0  20380-2 0  9996
2 47655  53.0553  11.6185 0001578  98.0651 262.0517 15.06396718148521
STARLINK-2042           
1 47658U 21012AQ  23295.94890076  .00037069  00000+0  24944-2 0  9999
2 47658  53.0560  11.5489 0001447  90.8281 269.2873 15.06400744148532
STARLINK-2053           
1 47663U 21012AV  23296.09083950  .00025991  00000+0  17575-2 0  9990
2 47663  53.0541 271.2305 0001717 127.2425 232.8720 15.06396690149941
STARLINK-2058           
1 47667U 21012AZ  23295.92677814  .00032026  00000+0  21593-2 0  9995
2 47667  53.0548  11.6499 0001447 117.1901 242.9236 15.06398153148522
STARLINK-2065           
1 47672U 21012BE  23295.45517532  .00010990  00000+0  72374-3 0  9999
2 47672  53.0548 343.5096 0001758  70.6744 289.4435 15.08000208149375
STARLINK-2090           
1 47677U 21012BK  23295.51669224  .00010288  00000+0  70907-3 0  9997
2 47677  53.0555  13.4807 0001512  79.7421 280.3739 15.06371718148462
STARLINK-2095           
1 47679U 21012BM  23295.94423759  .00000657  00000+0  62995-4 0  9995
2 47679  53.0568  11.5706 0001467  88.1145 272.0012 15.06402109148530
STARLINK-2116           
1 47724U 21017C   23295.63373345  .00000482  00000+0  51299-4 0  9993
2 47724  53.0542  72.9594 0001710 129.4119 230.7021 15.06382727147847
STARLINK-2126           
1 47726U 21017E   23295.85388928  .00035863  00000+0  21755-2 0  9995
2 47726  53.0551 141.3007 0002631 153.0840 207.0287 15.10226548146917
STARLINK-2129           
1 47727U 21017F   23296.06866724  .00027864  00000+0  18832-2 0  9999
2 47727  53.0546  61.0117 0000970  63.7952 296.3136 15.06378740147436
STARLINK-2131           
1 47728U 21017G   23296.09173465  .00007861  00000+0  54618-3 0  9994
2 47728  53.0530 140.9072 0001419  93.3037 266.8114 15.06388168146329
STARLINK-2140           
1 47730U 21017J   23295.91525024  .00019345  00000+0  13157-2 0  9991
2 47730  53.0541 156.7096 0001359 116.3929 243.7200 15.06352872146710
STARLINK-2144           
1 47734U 21017N   23295.92863431  .00019353  00000+0  13150-2 0  9995
2 47734  53.0529 151.6407 0001716  94.1313 265.9872 15.06386832146801
STARLINK-2147           
1 47736U 21017Q   23295.89637270  .00003098  00000+0  22689-3 0  9990
2 47736  53.0526 141.7855 0001058  81.4338 278.6771 15.06383181146973
STARLINK-2148           
1 47737U 21017R   23295.37903894 -.00000735  00000+0 -10153-4 0  9993
2 47737  53.0544 323.8627 0001278  97.9205 262.1942 15.35395867149442
STARLINK-2152           
1 47740U 21017U   23295.87333605  .00002269  00000+0  17123-3 0  9994
2 47740  53.0538 151.8860 0001696  93.7653 266.3529 15.06388121146821
STARLINK-2157           
1 47743U 21017X   23295.85951690  .00003090  00000+0  22632-3 0  9999
2 47743  53.0539 141.9519 0001457  94.2135 265.9021 15.06386778146943
STARLINK-2159           
1 47745U 21017Z   23295.86596636 -.00000566  00000+0 -19137-4 0  9991
2 47745  53.0529 151.9234 0001504  75.4521 284.6634 15.06382706146149
STARLINK-2160           
1 47746U 21017AA  23295.92494984  .00026398  00000+0  17850-2 0  9999
2 47746  53.0546 151.6570 0001977  82.0422 278.0791 15.06389134146779
STARLINK-2180           
1 47762U 21017AS  23295.92171364 -.00006483  00000+0 -41681-3 0  9996
2 47762  53.0541 166.6827 0001948  82.4385 277.6825 15.06391464146595
STARLINK-2185           
1 47767U 21017AX  23295.81804499 -.00001094  00000+0 -54591-4 0  9999
2 47767  53.0535 152.1377 0001382  34.7033 325.4046 15.06394767146142
STARLINK-2210           
1 47777U 21017BH  23296.17558613  .00037144  00000+0  24989-2 0  9993
2 47777  53.0530 150.5315 0001309  84.2609 275.8529 15.06407978146198
STARLINK-2213           
1 47780U 21017BL  23295.90281467 -.00000409  00000+0 -85913-5 0  9990
2 47780  53.0530 151.7566 0001660  87.7462 272.3717 15.06388750146836
STARLINK-2315           
1 47789U 21018C   23295.94888461 -.00007697  00000+0 -49851-3 0  9996
2 47789  53.0541 171.5502 0002249 104.8132 255.3106 15.06389164145591
STARLINK-2319           
1 47790U 21018D   23295.92401134  .00012285  00000+0  84264-3 0  9998
2 47790  53.0544 161.6581 0000514  67.3179 292.7865 15.06380541146082