STARLINK-3003           
1 48879U 21059A   23295.94413500 -.00002857  00000+0 -21798-3 0  9993
2 48879  97.6608  58.4936 0001928  87.1909 272.9536 15.01252583128460
STARLINK-4331           
1 53046U 22077D   23296.09600723 -.00002394  00000+0 -18187-3 0  9992
2 53046  97.6527 115.3289 0001950  93.0088 267.1359 15.01254712 71186
STARLINK-4352           
1 53047U 22077E   23296.07563347 -.00000051  00000+0  63213-6 0  9991
2 53047  97.6541 115.3412 0001420 225.8024 134.3084 15.01258483 71187
STARLINK-4345           
1 53049U 22077G   23296.08094969 -.00000222  00000+0 -12714-4 0  9992
2 53049  97.6535 115.3250 0000107 293.2168  66.9045 15.01256738 70593
STARLINK-4341           
1 53052U 22077K   23296.08465540  .00003201  00000+0  25381-3 0  9994
2 53052  97.6534 115.3259 0000886  72.5562 287.5759 15.01237352 71174
STARLINK-4320           
1 53059U 22077S   23296.06823042 -.00005091  00000+0 -39180-3 0  9997
2 53059  97.6551 115.3038 0000844  83.6091 276.5229 15.01286228 71175
STARLINK-4305           
1 53060U 22077T   23296.07353724 -.00006373  00000+0 -49162-3 0  9990
2 53060  97.6546 115.3093 0001087 194.5300 165.5893 15.01289266 71176
STARLINK-4312           
1 53065U 22077Y   23295.46256645  .00003873  00000+0  30603-3 0  9991
2 53065  97.6568 114.7105 0000794  42.8680 317.2606 15.01248216 70506
STARLINK-4325           
1 53068U 22077AB  23296.06429174  .00000404  00000+0  36032-4 0  9990
2 53068  97.6568 115.2931 0001852  70.4861 289.6563 15.01259074 71178
STARLINK-4328           
1 53071U 22077AE  23295.78656993  .00000210  00000+0  20939-4 0  9997
2 53071  97.6561 115.0422 0002543  93.5376 266.6139 15.01263711 70551
STARLINK-4310           
1 53074U 22077AH  23296.05688561  .00000660  00000+0  56008-4 0  9992
2 53074  97.6562 115.3006 0001656  62.4704 297.6688 15.01260678 71171
STARLINK-4348           
1 53075U 22077AJ  23296.05133360  .00000926  00000+0  76704-4 0  9995
2 53075  97.6562 115.2923 0002570  77.4348 282.7163 15.01257960 71178
STARLINK-4347           
1 53076U 22077AK  23295.51650277  .00000700  00000+0  59075-4 0  9999
2 53076  97.6558 114.7812 0002327  78.7181 281.4304 15.01262358 71095
STARLINK-4385           
1 53198U 22084K   23296.09144600 -.00001277  00000+0 -94890-4 0  9990
2 53198  97.6561 355.3240 0001831  94.8256 265.3177 15.01254241 69372
STARLINK-4417           
1 53200U 22084M   23295.88963556 -.00005334  00000+0 -41111-3 0  9994
2 53200  97.6562 355.1247 0001520  83.7074 276.4323 15.01252164 69628
STARLINK-4423           
1 53209U 22084W   23295.73805844 -.00003062  00000+0 -23394-3 0  9991
2 53209  97.6565 354.9712 0001902 209.1381 150.9738 15.01249372 68940
STARLINK-4379           
1 53217U 22084AE  23295.91555898 -.00001451  00000+0 -10838-3 0  9990
2 53217  97.6560 355.1814 0002005  98.9216 261.2236 15.01253577 68970
STARLINK-4384           
1 53218U 22084AF  23296.18425969 -.00006445  00000+0 -49762-3 0  9992
2 53218  97.6581 355.4566 0002172  95.5749 264.5723 15.01259735 69026
STARLINK-4366           
1 53227U 22084AQ  23296.16735480  .00000537  00000+0  46433-4 0  9999
2 53227  97.6551 355.4211 0001933  80.6508 279.4935 15.01253002 69012
STARLINK-4370           
1 53231U 22084AU  23296.17106274 -.00000722  00000+0 -51656-4 0  9999
2 53231  97.6539 355.4118 0002605  99.6903 260.4615 15.01253079 69014
STARLINK-4371           
1 53232U 22084AV  23295.90630876  .00001443  00000+0  11694-3 0  9996
2 53232  97.6549 355.1530 0002047  88.1166 272.0292 15.01258001 68979
STARLINK-4383           
1 53473U 22099J   23295.89919509  .00001762  00000+0  14179-3 0  9995
2 53473  97.6545  55.1354 0001990 253.9648 106.1357 15.01257487 65632
STARLINK-4389           
1 53475U 22099L   23296.09730292 -.00003727  00000+0 -28577-3 0  9992
2 53475  97.6565  55.3353 0001138 246.9991 113.1113 15.01251967 65909
STARLINK-4426           
1 53484U 22099V   23296.22136061  .00000946  00000+0  78280-4 0  9996
2 53484  97.6579  55.4679 0000536 250.4689 109.6477 15.01251693 65922
STARLINK-4421           
1 53488U 22099Z   23296.21764960 -.00000024  00000+0  26835-5 0  9992
2 53488  97.6563  55.4657 0000870  91.3141 268.8182 15.01258416 65922
STARLINK-4435           
1 53502U 22099AP  23295.92882811 -.00006317  00000+0 -48777-3 0  9991
2 53502  97.6557  55.1796 0001743  97.8746 262.2677 15.01248848 65649
STARLINK-4446           
1 53505U 22099AS  23295.91956473  .00001873  00000+0  15039-3 0  9994
2 53505  97.6536  55.1654 0000198 104.4318 255.6928 15.01263866 65647
STARLINK-4443           
1 53508U 22099AV  23295.92141934 -.00005962  00000+0 -46008-3 0  9991
2 53508  97.6545  55.1703 0001393  89.9743 270.1641 15.01252790 65640
STARLINK-4441           
1 53510U 22099AX  23295.90684475 -.00004899  00000+0 -37710-3 0  9992
2 53510  97.6543  55.1670 0001552 259.3335 100.7714 15.01255286 65643
STARLINK-4386           
1 53649U 22105B   23296.16273058  .00001782  00000+0  14325-3 0  9996
2 53649  97.6563 175.3994 0002726  69.0471 291.1045 15.01263043 63205
STARLINK-4388           
1 53651U 22105D   23295.62580857  .00003042  00000+0  24132-3 0  9995
2 53651  97.6582 174.8736 0001865  88.8898 271.2540 15.01259213 62844
STARLINK-4357           
1 53662U 22105Q   23295.93895669  .00006210  00000+0  48759-3 0  9992
2 53662  97.6521 175.1890 0005922  80.4587 279.7306 15.01255990 62891
STARLINK-4620           
1 53674U 22105AC  23296.19050203  .00003598  00000+0  28454-3 0  9997
2 53674  97.6552 175.4273 0003727  84.4127 275.7522 15.01261027 63212
STARLINK-6039           
1 56319U 23058C   23295.92451369  .00000064  00000+0  95598-5 0  9992
2 56319  97.6526 295.1113 0001336  96.8786 263.2590 15.01255010 27433
STARLINK-6034           
1 56324U 23058H   23295.92266235 -.00000384  00000+0 -25289-4 0  9990
2 56324  97.6527 295.1125 0001353  97.3056 262.8322 15.01253377 27430
STARLINK-5553           
1 56333U 23058S   23295.90413441 -.00006031  00000+0 -46507-3 0  9991
2 56333  97.6546 295.1279 0001980 147.6473 212.4872 15.01280326 27782
STARLINK-5559           
1 56335U 23058U   23295.96548487 -.00000076  00000+0 -12997-5 0  9999
2 56335  97.6560 295.2028 0001757  98.3480 261.7944 15.01256854 27309
STARLINK-5540           
1 56340U 23058Z   23295.90043873  .00000005  00000+0  49674-5 0  9990
2 56340  97.6554 295.1341 0001590 121.5668 238.5711 15.01254647 27781
STARLINK-5976           
1 56343U 23058AC  23295.95597954  .00000510  00000+0  44315-4 0  9999
2 56343  97.6566 295.2289 0001907  90.7165 269.4277 15.01256561 27798
STARLINK-5837           
1 56346U 23058AF  23295.95783140 -.00000098  00000+0 -30275-5 0  9990
2 56346  97.6569 295.2243 0002009  89.4519 270.6936 15.01260779 27798
STARLINK-5888           
1 56348U 23058AH  23295.95413013 -.00000168  00000+0 -84725-5 0  9998
2 56348  97.6560 295.2326 0002488  79.7851 280.3654 15.01263446 27301
STARLINK-5887           
1 56349U 23058AJ  23295.94511507  .00000034  00000+0  72392-5 0  9992
2 56349  97.6547 295.2478 0003804  70.7107 289.4528 15.01260544 27792
STARLINK-5891           
1 56351U 23058AL  23295.94487035  .00000288  00000+0  26998-4 0  9994
2 56351  97.6549 295.2483 0003507  76.4717 283.6898 15.01256961 27797
STARLINK-5535           
1 56356U 23058AR  23295.94116568 -.00003663  00000+0 -28058-3 0  9999
2 56356  97.6552 295.2529 0004295  60.2492 299.9159 15.01271058 27797
STARLINK-5549           
1 56360U 23058AV  23295.93745303 -.00008264  00000+0 -63877-3 0  9998
2 56360  97.6547 295.2567 0004099  62.7912 297.3729 15.01297672 27799
STARLINK-5550           
1 56361U 23058AW  23295.93215063  .00000001  00000+0  46438-5 0  9999
2 56361  97.6537 295.2623 0002364  42.1376 318.0029 15.01254607 27796
