STARLINK-2338           
1 47793U 21018G   23295.97101920  .00021496  00000+0  14588-2 0  9991
2 47793  53.0535 171.4494 0002189  87.1979 272.9260 15.06368072145594
STARLINK-2341           
1 47794U 21018H   23295.97469382 -.00003275  00000+0 -20108-3 0  9994
2 47794  53.0534 171.4342 0001860  65.7907 294.3276 15.06389662145597
STARLINK-2380           
1 47799U 21018N   23295.91941810  .00031138  00000+0  21010-2 0  9993
2 47799  53.0528 171.6799 0001666  95.5908 264.5270 15.06384205145589
STARLINK-2382           
1 47801U 21018Q   23295.90974103  .00011942  00000+0  81965-3 0  9994
2 47801  53.0536 176.8093 0001146 101.5147 258.5971 15.06381611145862
STARLINK-2383           
1 47802U 21018R   23296.02214640  .00008762  00000+0  60719-3 0  9992
2 47802  53.0538 196.2204 0001806  83.7163 276.4032 15.06348756145250
STARLINK-2386           
1 47805U 21018U   23295.93417919  .00006719  00000+0  46963-3 0  9993
2 47805  53.0538 171.8579 0001317  77.6162 282.4975 15.06390745145589
STARLINK-2390           
1 47809U 21018Y   23295.87853840 -.00014698  00000+0 -86099-4 0  9999
2 47809  53.0381 150.1808 0001127  98.2597 261.8550 15.76689236145880
STARLINK-2393           
1 47812U 21018AB  23295.93139717  .00008312  00000+0  57686-3 0  9993
2 47812  53.0532 201.6267 0001696 108.3064 251.8109 15.06360711145501
STARLINK-2395           
1 47814U 21018AD  23296.00602721  .00017208  00000+0  11722-2 0  9998
2 47814  53.0546 191.2934 0001528  70.7798 289.3356 15.06372035145336
STARLINK-2399           
1 47816U 21018AF  23295.91388967  .00014741  00000+0  10077-2 0  9993
2 47816  53.0523 191.7076 0001582  70.0316 290.0843 15.06353488145649
STARLINK-2406           
1 47821U 21018AL  23296.02813864  .00013415  00000+0  91815-3 0  9998
2 47821  53.0541 191.2048 0000460 142.2679 217.8342 15.06382874145335
STARLINK-2409           
1 47824U 21018AP  23295.97654715  .00017467  00000+0  11899-2 0  9996
2 47824  53.0520 191.4238 0001325 114.3163 245.7964 15.06360393145328
STARLINK-2424           
1 47834U 21018AZ  23295.98392181  .00032608  00000+0  22003-2 0  9997
2 47834  53.0539 191.3900 0000691  76.4589 283.6477 15.06359194145326
STARLINK-2425           
1 47835U 21018BA  23296.01111077  .00022466  00000+0  15231-2 0  9992
2 47835  53.0534 196.3949 0001923 114.8898 245.2290 15.06380946145257
STARLINK-2258           
1 47860U 21021A   23296.10279042  .00042994  00000+0  28921-2 0  9999
2 47860  53.0538 220.8568 0001620  81.4085 278.7088 15.06343326144650
STARLINK-2304           
1 47864U 21021E   23296.03829242  .00033232  00000+0  22419-2 0  9999
2 47864  53.0552 201.1969 0002110 117.0179 243.1025 15.06358249144918
STARLINK-2324           
1 47869U 21021K   23296.02722696  .00050325  00000+0  33786-2 0  9999
2 47869  53.0563 201.1982 0001586  68.4127 291.7031 15.06343054144934
STARLINK-2331           
1 47875U 21021R   23296.06314862  .00026858  00000+0  18184-2 0  9991
2 47875  53.0530 211.0366 0001355  90.1679 269.9465 15.06332350144798
STARLINK-2337           
1 47880U 21021W   23296.11385242  .00078249  00000+0  52138-2 0  9991
2 47880  53.0543 220.8076 0001776 107.9352 252.1831 15.06402421144660
STARLINK-2339           
1 47881U 21021X   23296.07328929  .00006200  00000+0  43493-3 0  9999
2 47881  53.0542 220.9924 0001775  79.2716 280.8473 15.06383024144653
STARLINK-2346           
1 47887U 21021AD  23296.08803728  .00022891  00000+0  15525-2 0  9999
2 47887  53.0538 220.9221 0001932  59.8421 300.2759 15.06355740144654
STARLINK-2358           
1 47898U 21021AQ  23296.08895154  .00006616  00000+0  46271-3 0  9995
2 47898  53.0535 210.9204 0001153  67.7486 292.3626 15.06391093144809
STARLINK-2305           
1 47989U 21024N   23295.98989953  .00026760  00000+0  18105-2 0  9994
2 47989  53.0550 186.3774 0001411 111.0260 249.0880 15.06361258144367
STARLINK-2273           
1 47993U 21024S   23296.11429916  .00033296  00000+0  22461-2 0  9995
2 47993  53.0548 235.8054 0001433 113.1463 246.9677 15.06359439143684
STARLINK-2218           
1 47999U 21024Y   23295.99172364  .00016569  00000+0  11284-2 0  9993
2 47999  53.0544 196.3565 0001539  85.2567 274.8598 15.06406290144226
STARLINK-2243           
1 48013U 21024AN  23295.72126489 -.00044080  00000+0 -29609-2 0  9990
2 48013  53.0540 242.5686 0001698  91.6473 268.4710 15.06372771144020
STARLINK-2284           
1 48016U 21024AR  23296.03184997  .00002307  00000+0  17371-3 0  9994
2 48016  53.0526 191.3782 0001281  89.0040 271.1096 15.06401091144288
STARLINK-2294           
1 48020U 21024AV  23296.08026193  .00023443  00000+0  15883-2 0  9996
2 48020  53.0541 206.3553 0001807  71.9161 288.2024 15.06380799144080
STARLINK-2414           
1 48095U 21027D   23295.76274382  .00001106  00000+0  93154-4 0  9991
2 48095  53.0525 112.3805 0001453  86.5920 273.5235 15.06385912141464
STARLINK-2417           
1 48096U 21027E   23296.20137606  .00001744  00000+0  13594-3 0  9996
2 48096  53.0531 110.4130 0001424  92.8870 267.2282 15.06395933141112
STARLINK-2418           
1 48097U 21027F   23295.71667010 -.00004487  00000+0 -28261-3 0  9995
2 48097  53.0539  92.5909 0001276  95.5312 264.5822 15.06391382141722
STARLINK-2455           
1 48117U 21027AB  23295.71203713 -.00001642  00000+0 -91411-4 0  9992
2 48117  53.0542  92.6006 0001421 101.1638 258.9510 15.06383056141725
STARLINK-2468           
1 48127U 21027AM  23295.79592643  .00001169  00000+0  97390-4 0  9998
2 48127  53.0533 112.2350 0001431  89.7613 270.3540 15.06386505141455
STARLINK-2471           
1 48129U 21027AP  23295.78855045  .00002699  00000+0  20007-3 0  9996
2 48129  53.0537 112.2679 0001338  92.0851 268.0291 15.06395421141456
STARLINK-2475           
1 48133U 21027AT  23295.77380253  .00000374  00000+0  44017-4 0  9990
2 48133  53.0532 112.3299 0001312  88.3406 271.7733 15.06389525141451
STARLINK-2543           
1 48278U 21036C   23295.83324675  .00002035  00000+0  15549-3 0  9996
2 48278  53.0565 327.1460 0001655  90.0777 270.0401 15.06397676138124
STARLINK-2516           
1 48283U 21036H   23295.52040177  .00026605  00000+0  18001-2 0  9994
2 48283  53.0543  23.4740 0001682 114.5593 245.5572 15.06362065137894
STARLINK-2566           
1 48287U 21036M   23295.97007755  .00008802  00000+0  60906-3 0  9993
2 48287  53.0556  21.4529 0001819  95.0627 265.0569 15.06400542137951
STARLINK-2550           
1 48293U 21036T   23295.94796931  .00000964  00000+0  83635-4 0  9994
2 48293  53.0563  21.5528 0001426  92.2407 267.8745 15.06386311137958
STARLINK-2557           
1 48299U 21036Z   23295.52777693 -.00001031  00000+0 -50361-4 0  9996
2 48299  53.0564  23.4367 0001657  95.8741 264.2437 15.06366620137313
STARLINK-2537           
1 48301U 21036AB  23295.98022445  .00031717  00000+0  21397-2 0  9995
2 48301  53.0546  31.4067 0001461 109.5596 250.5551 15.06380698137818
STARLINK-2061           
1 48312U 21036AN  23296.00602578  .00033173  00000+0  22353-2 0  9993
2 48312  53.0546  31.2928 0001502 105.7632 254.3522 15.06402471137880
STARLINK-2506           
1 48315U 21036AR  23295.99497630  .00096870  00000+0  64571-2 0  9995
2 48315  53.0565  31.3417 0001241  94.9120 265.2011 15.06264076137880
STARLINK-2507           
1 48316U 21036AS  23295.99128395  .00035845  00000+0  24135-2 0  9992
2 48316  53.0550  31.3594 0001455 111.8002 248.3142 15.06394315137883
STARLINK-2513           
1 48317U 21036AT  23295.98760033  .00039253  00000+0  26394-2 0  9999
2 48317  53.0548  31.3758 0001405 112.8314 247.2823 15.06400793137887
STARLINK-2501           
1 48330U 21036BG  23296.00141685 -.00002314  00000+0 -13651-3 0  9997
2 48330  53.0568  41.3122 0001409  87.3526 272.7624 15.06392352137697
STARLINK-2628           
1 48359U 21038G   23295.43561819  .00016296  00000+0  11106-2 0  9995
2 48359  53.0543 303.8546 0001840 102.5828 257.5367 15.06392411136006
STARLINK-2631           
1 48366U 21038P   23296.16267745 -.00004006  00000+0 -25027-3 0  9991
2 48366  53.0567 290.5967 0001769 103.1287 256.9900 15.06381898136840
STARLINK-2621           
1 48370U 21038T   23296.15160506 -.00001333  00000+0 -70609-4 0  9999
2 48370  53.0538 290.6381 0001457  88.1273 271.9883 15.06387608136847
STARLINK-2499           
1 48377U 21038AA  23296.18698147 -.00002266  00000+0 -12725-3 0  9996
2 48377  53.0541 290.4266 0001754  90.9818 269.1373 15.08017378136854
STARLINK-2601           
1 48384U 21038AH  23296.17004526 -.00000761  00000+0 -32230-4 0  9997
2 48384  53.0539 290.5577 0001742  94.2206 265.8982 15.06381073136842
STARLINK-2600           
1 48387U 21038AL  23296.18340846 -.00002197  00000+0 -12866-3 0  9996
2 48387  53.0546 285.4661 0001863 112.2194 247.8993 15.06387468136926
STARLINK-2602           
1 48393U 21038AS  23296.21889303  .00017097  00000+0  11646-2 0  9990
2 48393  53.0532 280.3376 0001554  94.8012 265.3155 15.06376494136995
STARLINK-2588           
1 48398U 21038AX  23295.40797763  .00001016  00000+0  87158-4 0  9990
2 48398  53.0545 283.9763 0002248 111.2379 248.8850 15.06378882137503
STARLINK-2576           
1 48400U 21038AZ  23296.19677722  .00014348  00000+0  98036-3 0  9991
2 48400  53.0553 280.4385 0002135 125.6747 234.4441 15.06393286136995
STARLINK-2560           
1 48402U 21038BB  23296.19214017  .00016076  00000+0  10964-2 0  9990
2 48402  53.0553 280.4482 0001449 103.2502 256.8649 15.06374524136995
STARLINK-2595           
1 48407U 21038BG  23295.71022656 -.00003367  00000+0 -20729-3 0  9990
2 48407  53.0559 282.6183 0002425 100.1951 259.9311 15.06389898136324
STARLINK-2682           
1 48440U 21040N   23295.80235272 -.00009191  00000+0 -59928-3 0  9994
2 48440  53.0524 122.2010 0001440 101.4259 258.6892 15.06375840135660
STARLINK-2702           
1 48441U 21040P   23295.79869765  .00003981  00000+0  28610-3 0  9996
2 48441  53.0534 122.2166 0001466  91.2831 268.8326 15.06386629135666
STARLINK-2634           
1 48445U 21040T   23295.78394067 -.00003396  00000+0 -20932-3 0  9998
2 48445  53.0527 122.2880 0001468  80.2292 279.8862 15.06375589135666
STARLINK-2655           
1 48449U 21040X   23295.83924282  .00001992  00000+0  15265-3 0  9997
2 48449  53.0532 122.0420 0001238  99.1637 260.9492 15.06389421135672
STARLINK-2582           
1 48460U 21040AJ  23295.84061314 -.00000487  00000+0 -13828-4 0  9993
2 48460  53.0536 127.0355 0001655  79.4312 280.6863 15.06390998136117
STARLINK-2683           
1 48462U 21040AL  23295.83835162 -.00000185  00000+0  64876-5 0  9998
2 48462  53.0538 132.3254 0001469  85.2034 274.9122 15.06388101135539
STARLINK-2689           
1 48463U 21040AM  23295.84474723  .00004582  00000+0  32638-3 0  9995
2 48463  53.0540 132.0166 0001285  80.5010 279.6124 15.06388651136816
STARLINK-2659           
1 48467U 21040AR  23295.84569257  .00008094  00000+0  56165-3 0  9999
2 48467  53.0539 132.0106 0000954  51.7751 308.3323 15.06398787135547
STARLINK-2658           
1 48473U 21040AX  23295.84937648  .00002704  00000+0  20036-3 0  9999
2 48473  53.0541 131.9951 0001279 101.1168 258.9965 15.06392929135539
STARLINK-2690           
1 48480U 21040BE  23295.86963000  .00007562  00000+0  52615-3 0  9995
2 48480  53.0539 141.8962 0001349  85.6444 274.4699 15.06392033135394
STARLINK-2525           
1 48482U 21040BG  23295.87795136  .00023356  00000+0  15821-2 0  9997
2 48482  53.0536 141.8696 0001480  91.7304 268.3854 15.06390087135398
STARLINK-2145           
1 48555U 21041C   23295.70285140  .00001574  00000+0  12461-3 0  9996
2 48555  53.0551  82.6513 0001382  84.4919 275.6227 15.06382601134081
STARLINK-2166           
1 48558U 21041F   23296.09079865  .00016365  00000+0  11154-2 0  9998
2 48558  53.0545  70.9103 0001453 110.2904 249.8241 15.06386620134683
STARLINK-2221           
1 48571U 21041U   23295.68073395 -.00000779  00000+0 -33419-4 0  9993
2 48571  53.0535  82.7525 0001431  98.0927 262.0224 15.06378340134082
STARLINK-2225           
1 48574U 21041X   23296.02354527  .00018836  00000+0  12804-2 0  9998
2 48574  53.0572  41.3008 0001509 116.5612 243.5532 15.06389593135085
STARLINK-2228           
1 48576U 21041Z   23296.03963791  .00010185  00000+0  70138-3 0  9994
2 48576  53.0546  46.1421 0001373 103.3774 256.7368 15.06414905135081
STARLINK-2233           
1 48579U 21041AC  23295.70376890 -.00001425  00000+0 -76832-4 0  9995
2 48579  53.0541  72.6491 0001403 102.8807 257.2338 15.06376444134228
STARLINK-2234           
1 48580U 21041AD  23296.00281126  .00020597  00000+0  13984-2 0  9994
2 48580  53.0561  46.3125 0001629 102.0376 258.0796 15.06378351135077
STARLINK-2235           
1 48581U 21041AE  23295.56509396  .00009120  00000+0  63094-3 0  9994
2 48581  53.0546  38.2810 0001477 103.9839 256.1314 15.06366170134707
STARLINK-2237           
1 48583U 21041AG  23295.68441554 -.00003042  00000+0 -18554-3 0  9990
2 48583  53.0539  82.7361 0001505  98.1033 262.0126 15.06376317134081
STARLINK-2244           
1 48588U 21041AM  23296.11291703  .00000169  00000+0  30254-4 0  9990
2 48588  53.0545  70.8484 0001642  96.6168 263.5008 15.06389774134739
STARLINK-2250           
1 48593U 21041AS  23295.70652780 -.00000281  00000+0  46194-7 0  9995
2 48593  53.0535  82.6350 0001234 104.0884 256.0242 15.06384583134081
STARLINK-2713           
1 48602U 21041BB  23296.04610825  .00012524  00000+0  85856-3 0  9994
2 48602  53.0568  56.1109 0001747 113.4658 246.6515 15.06382854135750
FALCON 9 DEB            
1 48607U 21041BG  23295.79614550  .00002474  00000+0  21272-3 0  9994
2 48607  53.0356 126.6016 0014365  77.8078 282.4516 15.00933437133434
STARLINK-2739           
1 48639U 21044B   23295.63328204  .00011490  00000+0  78986-3 0  9995
2 48639  53.0551  57.9748 0001416 102.5332 257.5816 15.06360666132794
STARLINK-2646           
1 48642U 21044E   23295.65310259  .00015762  00000+0  10752-2 0  9994
2 48642  53.0537  62.8822 0001316 103.5605 256.5530 15.06380977132725
STARLINK-2695           
1 48644U 21044G   23295.63097843  .00011911  00000+0  81794-3 0  9992
2 48644  53.0539  62.9750 0001505 101.7135 258.4023 15.06365310132720
STARLINK-2672           
1 48650U 21044N   23296.07698384  .00027895  00000+0  18851-2 0  9996
2 48650  53.0540  60.9739 0001417  72.4078 287.7065 15.06382340133629
STARLINK-2708           
1 48661U 21044Z   23296.04104684  .00030968  00000+0  20879-2 0  9998
2 48661  53.0550  51.1360 0001467  77.0054 283.1098 15.06415479133822
STARLINK-2726           
1 48662U 21044AA  23296.03736109  .00040873  00000+0  27466-2 0  9996
2 48662  53.0558  51.1504 0001439  75.6178 284.4971 15.06405720133766
STARLINK-2666           
1 48666U 21044AE  23296.05584631  .00037927  00000+0  25515-2 0  9992
2 48666  53.0550  51.5422 0001542  92.6374 267.4792 15.06398644133811
STARLINK-2756           
1 48683U 21044AX  23295.53238130  .00020086  00000+0  13647-2 0  9994
2 48683  53.0542  13.4342 0001463  85.2221 274.8934 15.06367604134240
STARLINK-2748           
1 48694U 21044BJ  23295.95208310  .00000476  00000+0  50861-4 0  9991
2 48694  53.0558  26.5246 0001492 109.1211 250.9940 15.06390645134090
STARLINK-3151           
1 49408U 21104A   23295.90715540  .00016292  00000+0  10399-2 0  9998
2 49408  53.2156 169.2517 0001673  77.6207 282.4973 15.08820967107476
STARLINK-3075           
1 49409U 21104B   23295.92187068  .00018017  00000+0  11478-2 0  9995
2 49409  53.2149 169.1731 0001677 106.1579 253.9598 15.08820186107480
STARLINK-3146           
1 49414U 21104G   23295.97709084  .00000635  00000+0  58047-4 0  9996
2 49414  53.2173 168.9222 0001518  74.0783 286.0376 15.08814933108574
STARLINK-3111           
1 49418U 21104L   23295.89979568 -.00004474  00000+0 -26331-3 0  9994
2 49418  53.2158 169.2690 0001553  90.9589 269.1581 15.08822272107466
STARLINK-3044           
1 49438U 21104AG  23295.88050468  .00000742  00000+0  64722-4 0  9993
2 49438  53.2158 149.2916 0001186  88.3868 271.7260 15.08832006107751
STARLINK-3128           
1 49441U 21104AK  23295.86483765  .00016713  00000+0  10661-2 0  9991
2 49441  53.2151 149.4293 0001584  83.0499 277.0673 15.08826190107756
STARLINK-3099           
1 49446U 21104AQ  23295.87219613  .00000251  00000+0  33855-4 0  9998
2 49446  53.2174 149.3958 0001351 100.4312 259.6833 15.08831374107757
STARLINK-3127           
1 49450U 21104AU  23295.88968528 -.00000575  00000+0 -18032-4 0  9991
2 49450  53.2179 159.3543 0001636 103.8906 256.2269 15.08824156108689
STARLINK-3129           
1 49453U 21104AX  23295.94216251  .00014092  00000+0  90211-3 0  9995
2 49453  53.2148 159.1685 0001355  85.4160 274.6987 15.08824902107621
STARLINK-3145           
1 49455U 21104AZ  23295.92279543  .00018663  00000+0  11881-2 0  9991
2 49455  53.2156 159.1684 0001550  90.7447 269.3723 15.08823572107626
STARLINK-3240           
1 49728U 21115E   23295.76271639 -.00002387  00000+0 -13195-3 0  9995
2 49728  53.2158  99.8836 0001316  79.5823 280.5317 15.08838447104216
STARLINK-3251           
1 49729U 21115F   23296.16478627  .00000679  00000+0  60758-4 0  9995
2 49729  53.2154  98.0885 0001334  81.8288 278.2856 15.08837773105381
STARLINK-3231           
1 49744U 21115W   23295.75721182 -.00000104  00000+0  11571-4 0  9996
2 49744  53.2158  89.8043 0001184  90.7535 269.3592 15.08834829104356
STARLINK-3250           
1 49749U 21115AB  23295.72781628  .00000522  00000+0  50874-4 0  9991
2 49749  53.2163  90.2808 0001389  95.1055 265.0095 15.08830793104341
STARLINK-3236           
1 49750U 21115AC  23295.72410480  .00000268  00000+0  34938-4 0  9998
2 49750  53.2159  90.0676 0001280  90.0874 270.0265 15.08833212104357
STARLINK-3229           
1 49751U 21115AD  23295.70473838  .00000787  00000+0  67537-4 0  9990
2 49751  53.2159  90.0672 0001421  98.6402 261.4751 15.08832388104359
STARLINK-3199           
1 49760U 21115AN  23295.69830679  .00000257  00000+0  34258-4 0  9994
2 49760  53.2162  80.1744 0001193  92.5709 267.5420 15.08830919104495
STARLINK-3227           
1 49765U 21115AT  23295.70294643  .00000644  00000+0  58514-4 0  9997
2 49765  53.2179  80.1649 0000922 111.7038 248.4053 15.08855325104498
STARLINK-3192           
1 49767U 21115AV  23295.70935204  .00006754  00000+0  44186-3 0  9991
2 49767  53.2154  80.1240 0000976  87.3979 272.7125 15.08851789104491
STARLINK-3191           
1 49770U 21115AY  23295.73239156 -.00000009  00000+0  17550-4 0  9995
2 49770  53.2160  80.0693 0001668  82.8511 277.2671 15.08833257105615
STARLINK-3297           
1 50159U 21125D   23296.08935463  .00021476  00000+0  13643-2 0  9999
2 50159  53.2153 198.4289 0001560  64.6525 295.4628 15.08813639101789
STARLINK-3288           
1 50160U 21125E   23296.02951543  .00019067  00000+0  12138-2 0  9993
2 50160  53.2164 198.6899 0001387  83.0637 277.0513 15.08810078104830
STARLINK-3303           
1 50162U 21125G   23296.25001157 -.00622785  00000+0 -35917-2 0  9996
2 50162  53.1924 278.6978 0000826  80.9732 242.9468 15.79590933108771
STARLINK-3298           
1 50165U 21125K   23295.95223149 -.00004845  00000+0 -28666-3 0  9997
2 50165  53.2159 199.0310 0001437  95.9928 264.1228 15.08824543105353
STARLINK-3271           
1 50167U 21125M   23295.94582497 -.00004280  00000+0 -25100-3 0  9995
2 50167  53.2153 199.0730 0001373 108.2486 251.8656 15.08834797105306
STARLINK-3276           
1 50189U 21125AK  23295.91731548  .00020858  00000+0  13255-2 0  9993
2 50189  53.2149 189.2018 0001825  83.9090 276.2110 15.08819353105483
STARLINK-3273           
1 50191U 21125AM  23296.04055385 -.00002269  00000+0 -12456-3 0  9990
2 50191  53.2173 198.6423 0001571  88.6047 271.5125 15.08821797102238
STARLINK-3235           
1 50200U 21125AW  23295.94767216  .00017938  00000+0  11427-2 0  9995
2 50200  53.2150 179.0664 0001726 106.9409 253.1772 15.08826334105590
STARLINK-3255           
1 50201U 21125AX  23295.93663275  .00001850  00000+0  13430-3 0  9998
2 50201  53.2174 179.1151 0001669  95.3656 264.7527 15.08839643105582
STARLINK-3256           
1 50202U 21125AY  23295.91727492  .00012884  00000+0  82666-3 0  9995
2 50202  53.2159 179.1917 0001136  73.2873 286.8243 15.08814411105576
STARLINK-3348           
1 50810U 22001H   23296.06447032 -.00000844  00000+0 -34921-4 0  9997
2 50810  53.2152  98.5309 0001364  86.8566 273.2583 15.08836686100665
STARLINK-3342           
1 50816U 22001P   23296.08194888  .00001963  00000+0  14137-3 0  9990
2 50816  53.2154 108.4483 0001350  85.0044 275.1102 15.08839851100557
STARLINK-3329           
1 50827U 22001AA  23295.75442938  .00001601  00000+0  11867-3 0  9993
2 50827  53.2152 109.9218 0001265  97.5605 262.5531 15.08839366 99223
STARLINK-3294           
1 50829U 22001AC  23295.76179138  .00002588  00000+0  18063-3 0  9995
2 50829  53.2169 109.8872 0001544  93.5617 266.5552 15.08839841 99222
STARLINK-3322           
1 50838U 22001AM  23295.77154937  .00001411  00000+0  10670-3 0  9996
2 50838  53.2151 115.3806 0001452  87.0896 273.0262 15.08838408 99158
STARLINK-3320           
1 50839U 22001AN  23295.81239207  .00000826  00000+0  69968-4 0  9990
2 50839  53.2156 119.6642 0001307  94.4095 265.7046 15.08832348 99088
STARLINK-3295           
1 50840U 22001AP  23295.80871229  .00000815  00000+0  69315-4 0  9991
2 50840  53.2172 119.6775 0001329  87.5105 272.6040 15.08832960 99085
STARLINK-3366           
1 51104U 22005A   23296.13347435  .00023339  00000+0  14806-2 0  9992
2 51104  53.2158 228.2241 0001387  75.3571 284.7574 15.08816510 98879
STARLINK-3368           
1 51107U 22005D   23296.15095510  .00019751  00000+0  12566-2 0  9995
2 51107  53.2163 238.1364 0001599  87.4551 272.6625 15.08809571 98738
STARLINK-3397           
1 51115U 22005M   23296.14083547  .00021877  00000+0  13893-2 0  9996
2 51115  53.2156 228.1854 0001476  72.6562 287.4591 15.08815928 98867
STARLINK-3391           
1 51117U 22005P   23295.51889087 -.00008583  00000+0 -52185-3 0  9990
2 51117  53.2168 230.8650 0001543 100.3413 259.7753 15.08837916 98778
STARLINK-3399           
1 51121U 22005T   23296.13074940 -.00000706  00000+0 -26292-4 0  9998
2 51121  53.2166 228.2453 0001443  76.6905 283.4248 15.08824471 98868
STARLINK-3389           
1 51124U 22005W   23296.15463488  .00015182  00000+0  97047-3 0  9999
2 51124  53.2158 238.1279 0001835  83.3500 276.7701 15.08818939 98736
STARLINK-3387           
1 51125U 22005X   23296.14454805  .00007136  00000+0  46596-3 0  9995
2 51125  53.2163 238.1815 0001692 111.2758 248.8415 15.08840167 98725
STARLINK-3386           
1 51126U 22005Y   23296.15191232  .00016802  00000+0  10719-2 0  9996
2 51126  53.2160 238.1493 0001482  75.6610 284.4547 15.08817496 98734
STARLINK-3370           
1 51127U 22005Z   23296.14822897 -.00000614  00000+0 -20480-4 0  9998
2 51127  53.2164 238.1648 0001397  76.7532 283.3616 15.08826978 98731
STARLINK-3183           
1 51134U 22005AG  23296.09394946 -.00002842  00000+0 -16053-3 0  9994
2 51134  53.2186 228.3962 0001996 104.0339 256.0875 15.08832889 98864
STARLINK-3175           
1 51140U 22005AN  23295.58518669 -.00001605  00000+0 -82743-4 0  9990
2 51140  53.2177 240.6925 0002371  81.4989 278.6271 15.08835133 98645
STARLINK-3360           
1 51149U 22005AX  23296.11784536 -.00002226  00000+0 -12181-3 0  9995
2 51149  53.2173 248.1096 0001688  83.5826 276.5358 15.08829531 98586
STARLINK-3529           
1 51724U 22016L   23296.23283051 -.00000751  00000+0 -29119-4 0  9996
2 51724  53.2175 267.7760 0001443  91.8518 268.2639 15.08831242 93375
STARLINK-3522           
1 51725U 22016M   23296.17763930 -.00004023  00000+0 -23491-3 0  9991
2 51725  53.2168 268.0241 0001548  86.1056 274.0113 15.08822493 93433
STARLINK-3530           
1 51730U 22016S   23296.19326825  .00002947  00000+0  20318-3 0  9993
2 51730  53.2164 257.9539 0001581 114.1817 245.9340 15.08833269 93517
STARLINK-3514           
1 51731U 22016T   23296.20431594 -.00002990  00000+0 -16990-3 0  9997
2 51731  53.2181 257.9078 0001708 106.0079 254.1101 15.08827813 93566
STARLINK-3520           
1 51741U 22016AD  23295.63854751  .00001099  00000+0  87150-4 0  9992
2 51741  53.2192 260.4524 0001732 103.4549 256.6637 15.08838683 92369
STARLINK-3446           
1 51747U 22016AK  23296.15376455  .00000358  00000+0  40570-4 0  9998
2 51747  53.2186 258.1774 0001584  81.9346 278.1826 15.08827659 93573
STARLINK-3451           
1 51749U 22016AM  23296.19697291 -.00001621  00000+0 -83814-4 0  9992
2 51749  53.2172 258.1213 0001469  92.2693 267.8468 15.08834254 93554
STARLINK-3458           
1 51758U 22016AW  23296.17947019 -.00000869  00000+0 -36526-4 0  9997
2 51758  53.2172 247.9651 0001470 100.1430 259.9728 15.08828153 93738
STARLINK-3456           
1 51759U 22016AX  23296.11690948 -.00000966  00000+0 -42620-4 0  9998
2 51759  53.2156 248.2964 0001366  83.5145 276.6003 15.08833352 93710
STARLINK-3624           
1 51773U 22017F   23296.20246826 -.00003173  00000+0 -18140-3 0  9999
2 51773  53.2168 277.9139 0001700  87.2686 272.8500 15.08829891 92953
STARLINK-3608           
1 51776U 22017J   23296.18407375 -.00001074  00000+0 -49420-4 0  9991
2 51776  53.2184 277.9958 0001676  99.1512 260.9670 15.08833794 92947
STARLINK-3615           
1 51778U 22017L   23296.19233571 -.00003498  00000+0 -20183-3 0  9995
2 51778  53.2186 267.8304 0001894  94.4431 265.6778 15.08832618 93096
STARLINK-3632           
1 51784U 22017S   23296.19050900  .00000451  00000+0  46456-4 0  9991
2 51784  53.2180 287.9645 0001742 102.5666 257.5521 15.08841723 92813
STARLINK-3638           
1 51786U 22017U   23295.71946878  .00001857  00000+0  13471-3 0  9999
2 51786  53.2162 290.0803 0001595  82.9734 277.1440 15.08842750 91097
STARLINK-3631           
1 51790U 22017Y   23296.16843815  .00001373  00000+0  10436-3 0  9992
2 51790  53.2179 288.0649 0002166  91.3547 268.7693 15.08827911 92859
STARLINK-3602           
1 51791U 22017Z   23295.71578777  .00000838  00000+0  70749-4 0  9994
2 51791  53.2171 290.0953 0001710  88.4682 271.6506 15.08841112 92736
STARLINK-3573           
1 51794U 22017AC  23295.69002364  .00002114  00000+0  15084-3 0  9997
2 51794  53.2178 290.2106 0001663  85.5588 274.5594 15.08847703 92739
STARLINK-3634           
1 51798U 22017AG  23296.13899156  .00004994  00000+0  33157-3 0  9993
2 51798  53.2179 288.1951 0001681 102.2494 257.8686 15.08848104 92845
STARLINK-3552           
1 51813U 22017AX  23296.07827234  .00000454  00000+0  46624-4 0  9993
2 51813  53.2159 268.4949 0001480  93.4222 266.6940 15.08840800 93067
STARLINK-3553           
1 51866U 22022Q   23295.75904836  .00002656  00000+0  18488-3 0  9997
2 51866  53.2176 309.7602 0001514  86.4051 273.7114 15.08840520 91934
STARLINK-3590           
1 51867U 22022R   23295.75811356  .00000671  00000+0  60243-4 0  9994
2 51867  53.2185 309.9044 0001790  87.1745 272.9453 15.08834428 91938
STARLINK-3588           
1 51869U 22022T   23295.34962719  .00001770  00000+0  12930-3 0  9991
2 51869  53.2171 311.7406 0001673 100.3844 259.7336 15.08841586 91875
STARLINK-3591           
1 51870U 22022U   23295.35698758  .00002041  00000+0  14629-3 0  9992
2 51870  53.2171 311.7109 0001637 101.9254 258.1922 15.08840023 91924
STARLINK-3556           
1 51877U 22022AB  23296.18223340 -.00000387  00000+0 -61905-5 0  9996
2 51877  53.2187 298.0081 0001885 105.0360 255.0841 15.08833305 92137
STARLINK-3575           
1 51878U 22022AC  23296.19235029 -.00000026  00000+0  16436-4 0  9992
2 51878  53.2175 307.9538 0001635 111.4329 248.6837 15.08836818 92002
STARLINK-3504           
1 51881U 22022AF  23296.16751354 -.00000091  00000+0  12406-4 0  9992
2 51881  53.2177 298.0632 0001723  79.4882 280.6304 15.08835686 92184
STARLINK-3577           
1 51884U 22022AJ  23296.17119320 -.00001726  00000+0 -90374-4 0  9994
2 51884  53.2175 298.0524 0001304  91.4233 268.6909 15.08832378 92210
STARLINK-3547           
1 51889U 22022AP  23295.74430790  .00001842  00000+0  13379-3 0  9994
2 51889  53.2179 299.9670 0001755  88.9790 271.1403 15.08843483 92060
STARLINK-3692           
1 51958U 22025C   23295.79774883  .00001235  00000+0  97682-4 0  9999
2 51958  53.0557 328.0254 0001585  88.2173 271.8998 15.08031275 90002
STARLINK-3690           
1 51964U 22025J   23295.83332223 -.00003021  00000+0 -17582-3 0  9996
2 51964  53.0568 327.8070 0001755 103.3423 256.7762 15.08013838 90017
STARLINK-3681           
1 51968U 22025N   23295.82258805  .00002485  00000+0  17794-3 0  9998
2 51968  53.0567 327.8502 0002097  90.1705 269.9525 15.08034683 91112
STARLINK-3671           
1 51972U 22025S   23295.80778120 -.00002127  00000+0 -12399-3 0  9999
2 51972  53.0565 331.4472 0002019  89.6347 270.4874 15.06386772 89962
STARLINK-3672           
1 51974U 22025U   23295.80408908  .00001106  00000+0  93117-4 0  9997
2 51974  53.0552 331.4615 0001906  78.5436 281.5767 15.06399603 89959
STARLINK-3663           
1 51976U 22025W   23295.86300440  .00007006  00000+0  45771-3 0  9994
2 51976  53.2182 339.2613 0001750  86.4835 273.6357 15.08852835 91014
STARLINK-3650           
1 51982U 22025AC  23295.85838625  .00004851  00000+0  32256-3 0  9990
2 51982  53.2158 339.4579 0001338  86.9783 273.1363 15.08848554 89894
STARLINK-3636           
1 51995U 22025AR  23295.80502803  .00002293  00000+0  16210-3 0  9995
2 51995  53.2183 319.6932 0002017  94.7711 265.3512 15.08842101 91256
STARLINK-3538           
1 51996U 22025AS  23295.79030903  .00001288  00000+0  99005-4 0  9998
2 51996  53.2176 319.7613 0001735  83.7139 276.4051 15.08837830 89749
STARLINK-3667           
1 51999U 22025AV  23295.45542662  .00003020  00000+0  20772-3 0  9994
2 51999  53.2176 321.2601 0001814  93.9233 266.1966 15.08843375 89699
STARLINK-3712           
1 52090U 22029C   23295.54467322  .00001976  00000+0  14222-3 0  9991
2 52090  53.2180  30.8611 0001631  99.9213 260.1964 15.08831597 89440
STARLINK-3716           
1 52092U 22029E   23295.54834822  .00000040  00000+0  20620-4 0  9997
2 52092  53.2172  30.8451 0001160  89.3807 270.7318 15.08836174 89440
STARLINK-3670           
1 52106U 22029U   23295.58146837  .00000271  00000+0  35107-4 0  9991
2 52106  53.2185  30.7018 0001708  99.4695 260.6490 15.08832712 89446
STARLINK-3558           
1 52119U 22029AH  23295.51614909  .00002894  00000+0  19987-3 0  9998
2 52119  53.2169  20.9940 0001504 100.1767 259.9395 15.08838853 89572
STARLINK-3727           
1 52125U 22029AP  23295.48762600  .00004481  00000+0  29945-3 0  9992
2 52125  53.2186  11.1203 0001403  87.1503 272.9650 15.08842209 89717
STARLINK-3732           
1 52126U 22029AQ  23295.49498839  .00004416  00000+0  29533-3 0  9995
2 52126  53.2177  11.0899 0001586  99.2772 260.8400 15.08842449 89706
STARLINK-3733           
1 52137U 22029BB  23295.51706721 -.00000170  00000+0  74128-5 0  9998
2 52137  53.2185  10.9912 0001289 101.7333 258.3804 15.08833973 89727
STARLINK-3810           
1 52261U 22041A   23296.10682891  .00004522  00000+0  30204-3 0  9996
2 52261  53.2164  48.3489 0001614  89.4860 270.6317 15.08839381 84455
STARLINK-3788           
1 52271U 22041L   23296.01754701  .00011675  00000+0  75168-3 0  9992
2 52271  53.2177  48.7420 0001585  84.8963 275.2210 15.08777244 84440
STARLINK-3781           
1 52272U 22041M   23296.01115544  .00002476  00000+0  17362-3 0  9990
2 52272  53.2161  48.8083 0001386  88.9831 271.1320 15.08835715 84454
STARLINK-3765           
1 52295U 22041AL  23295.62102895  .00001089  00000+0  86536-4 0  9995
2 52295  53.2165  40.5207 0001440  91.3920 268.7237 15.08835874 83306
STARLINK-3564           
1 52302U 22041AT  23295.57779050  .00000849  00000+0  71426-4 0  9996
2 52302  53.2197  30.7156 0001418  95.4683 264.6471 15.08832504 84640
STARLINK-3752           
1 52312U 22041BD  23295.58514184  .00000470  00000+0  47630-4 0  9993
2 52312  53.2179  30.6318 0001535  92.1551 267.9617 15.08833526 84663
STARLINK-3749           
1 52313U 22041BE  23295.58883129  .00001166  00000+0  91379-4 0  9994
2 52313  53.2180  30.6668 0001551  80.7417 279.3750 15.08832451 84667
STARLINK-3889           
1 52331U 22045A   23295.90899205  .00001987  00000+0  14293-3 0  9996
2 52331  53.2142 149.2288 0001491  85.5016 274.6147 15.08833176 84484
STARLINK-3814           
1 52335U 22045E   23295.90163639  .00000382  00000+0  42081-4 0  9990
2 52335  53.2174 149.2670 0001711 111.2557 248.8618 15.08833484 84488
STARLINK-3823           
1 52336U 22045F   23295.87585239  .00000202  00000+0  30776-4 0  9990
2 52336  53.2160 149.1748 0001361  83.9775 276.1372 15.08831782 84487
STARLINK-3797           
1 52337U 22045G   23296.17763636  .00006787  00000+0  44422-3 0  9990
2 52337  53.2149 148.0241 0001414  90.3796 269.7358 15.08830596 84524
STARLINK-3754           
1 52350U 22045V   23295.89151671  .00001581  00000+0  11746-3 0  9993
2 52350  53.2156 139.3080 0001269  95.8991 264.2146 15.08827313 84625
STARLINK-3838           
1 52352U 22045X   23296.14543223 -.00003232  00000+0 -18503-3 0  9997
2 52352  53.2159 138.1676 0001481  85.3515 274.7647 15.08847493 84667
STARLINK-3830           
1 52363U 22045AJ  23295.86207214  .00001398  00000+0  10594-3 0  9995
2 52363  53.2145 139.4388 0001340 115.4538 244.6593 15.08832646 84628
STARLINK-3820           
1 52364U 22045AK  23295.83354178  .00000968  00000+0  78921-4 0  9996
2 52364  53.2164 129.4772 0001283 103.4640 256.6495 15.08834620 84755
STARLINK-3808           
1 52366U 22045AM  23295.83723235  .00002069  00000+0  14809-3 0  9990
2 52366  53.2163 129.5506 0001361  87.3000 272.8148 15.08836273 84750
STARLINK-3796           
1 52372U 22045AT  23295.82251061  .00001097  00000+0  87043-4 0  9990
2 52372  53.2156 129.6166 0001488  93.8599 266.2563 15.08836917 84749
STARLINK-3785           
1 52375U 22045AW  23295.81883450 -.00000110  00000+0  11164-4 0  9992
2 52375  53.2150 129.6326 0001496  92.1660 267.9503 15.08828471 84753
STARLINK-3803           
1 52381U 22045BC  23295.86299724  .00001594  00000+0  11825-3 0  9998
2 52381  53.2149 129.4339 0001635  84.5720 275.5458 15.08831782 84761
STARLINK-3870           
1 52451U 22049A   23295.90714553  .00001450  00000+0  10918-3 0  9990
2 52451  53.2172   9.2354 0001059  74.2315 285.8794 15.08838147 81118
STARLINK-3899           
1 52457U 22049G   23295.49130930  .00003664  00000+0  24818-3 0  9994
2 52457  53.2175  11.0973 0001704  93.7844 266.3343 15.08841480 80897
STARLINK-3898           
1 52458U 22049H   23295.48858697  .00002874  00000+0  19861-3 0  9995
2 52458  53.2183  11.1183 0001779 101.2201 258.8991 15.08837235 80893
STARLINK-3903           
1 52462U 22049M   23295.46742719  .00004417  00000+0  29545-3 0  9990
2 52462  53.2177   1.2230 0001523  96.0571 264.0595 15.08841840 81024
STARLINK-3863           
1 52465U 22049Q   23295.86115037  .00001016  00000+0  81936-4 0  9999
2 52465  53.2194 349.4471 0001402  80.9429 279.1722 15.08839472 81386