STARLINK-3109           
1 49143U 21082P   23296.19570222 -.00021151  00000+0 -17657-2 0  9993
2 49143  69.9987 304.2401 0002416 240.6765 119.4153 14.98429198116375
STARLINK-3100           
1 49144U 21082Q   23296.15423408  .00000735  00000+0  69383-4 0  9991
2 49144  69.9992 324.3337 0002748 266.4332  93.6513 14.98326671115887
STARLINK-3102           
1 49151U 21082X   23296.09535935  .00001299  00000+0  11667-3 0  9998
2 49151  69.9996 284.4815 0002309 211.0991 149.0032 14.98311220118065
STARLINK-3068           
1 49154U 21082AA  23296.17903666  .00000632  00000+0  60779-4 0  9999
2 49154  69.9985 304.2672 0002785 267.8130  92.2710 14.98327759117458
STARLINK-3060           
1 49155U 21082AB  23296.08283890 -.00000022  00000+0  59258-5 0  9995
2 49155  69.9992 284.5262 0002749 264.6731  95.4114 14.98325158117931
STARLINK-3095           
1 49160U 21082AG  23295.79539688  .00001629  00000+0  14429-3 0  9999
2 49160  70.0018 325.2318 0002392 270.5438  89.5447 14.98330901116897
STARLINK-3046           
1 49169U 21082AR  23296.08724021  .00001026  00000+0  93763-4 0  9998
2 49169  69.9982 304.5198 0002727 266.6628  93.4219 14.98329650117574
STARLINK-3074           
1 49170U 21082AS  23296.15840479 -.00000212  00000+0 -99374-5 0  9997
2 49170  69.9984 324.3307 0002689 259.7946 100.2910 14.98329736115885
STARLINK-5291           
1 55273U 23010E   23295.80293270 -.00002751  00000+0 -22281-3 0  9994
2 55273  69.9993  75.2885 0002785 258.6513 101.4334 14.98335995 42633
STARLINK-5299           
1 55277U 23010J   23296.13256147 -.00001155  00000+0 -89005-4 0  9992
2 55277  69.9998  74.4327 0003117 265.9242  94.1561 14.98331802 42378
STARLINK-5323           
1 55279U 23010L   23296.12838718  .00000111  00000+0  17066-4 0  9990
2 55279  69.9997  74.4178 0003128 269.3944  90.6856 14.98330714 42360
STARLINK-5317           
1 55283U 23010Q   23295.78623862  .00000033  00000+0  10580-4 0  9995
2 55283  69.9991  75.2275 0003098 268.8077  91.2727 14.98322765 42623
STARLINK-5338           
1 55286U 23010T   23296.04888256 -.00000431  00000+0 -28368-4 0  9995
2 55286  70.0015  54.6740 0002918 275.9292  84.1535 14.98326487 42849
STARLINK-5341           
1 55287U 23010U   23295.99875406 -.00001435  00000+0 -11246-3 0  9993
2 55287  70.0028  34.9307 0002837 266.3450  93.7385 14.98335557 43325
STARLINK-5325           
1 55292U 23010Z   23295.76514489  .00000264  00000+0  29881-4 0  9997
2 55292  69.9998  55.2839 0002869 254.8663 105.2179 14.98322549 43117
STARLINK-5286           
1 55294U 23010AB  23296.10751576 -.00000942  00000+0 -71206-4 0  9991
2 55294  69.9996  74.3393 0002842 257.4212 102.6629 14.98329766 42370
STARLINK-5272           
1 55298U 23010AF  23296.08224962 -.00001036  00000+0 -79076-4 0  9994
2 55298  70.0004  54.3832 0002720 259.3729 100.7124 14.98328800 42852
STARLINK-5321           
1 55302U 23010AK  23295.75679933  .00000098  00000+0  16004-4 0  9992
2 55302  70.0008  55.2536 0002950 271.8707  88.2114 14.98319791 43111
STARLINK-5316           
1 55305U 23010AN  23295.73595682 -.00001005  00000+0 -76449-4 0  9991
2 55305  70.0007  55.5873 0002658 253.2957 106.7910 14.98319850 43112
STARLINK-5288           
1 55307U 23010AQ  23295.71067842  .00001032  00000+0  94251-4 0  9992
2 55307  70.0022  35.6250 0002822 255.5175 104.5671 14.98328360 43609
STARLINK-5296           
1 55312U 23010AV  23296.00690995 -.00000377  00000+0 -23838-4 0  9998
2 55312  70.0017  34.5348 0003028 265.6160  94.4653 14.98324901 43334
STARLINK-5180           
1 55318U 23010BB  23295.68146491  .00000437  00000+0  44397-4 0  9992
2 55318  70.0013  35.5150 0002920 258.1011 101.9821 14.98319838 44470
STARLINK-5085           
1 55392U 23014B   23296.09984875 -.00000982  00000+0 -72558-4 0  9997
2 55392  70.0000  74.4220 0003412 277.8827  82.1945 14.99301345 41501
STARLINK-5076           
1 55401U 23014L   23295.85325431 -.00002528  00000+0 -20429-3 0  9995
2 55401  69.9984  95.0427 0003078 267.0549  93.0258 14.98301769 41910
STARLINK-5019           
1 55407U 23014S   23295.87827291 -.00000147  00000+0 -45569-5 0  9993
2 55407  69.9989  95.1322 0003112 271.4748  88.6054 14.98324867 41913
STARLINK-5092           
1 55408U 23014T   23295.89079203 -.00004970  00000+0 -40884-3 0  9999
2 55408  69.9996  95.1766 0002772 260.1698  99.9148 14.98345830 41916
STARLINK-5633           
1 55410U 23014V   23295.92440307 -.00000670  00000+0 -48401-4 0  9990
2 55410  69.9983 114.7603 0003456 271.6526  88.4237 14.98322687 41434
STARLINK-5618           
1 55415U 23014AA  23296.18741561  .00000145  00000+0  19935-4 0  9995
2 55415  69.9980 114.0729 0003205 268.2608  91.8184 14.98328336 40539
STARLINK-5615           
1 55425U 23014AL  23295.89102328 -.00001379  00000+0 -10778-3 0  9992
2 55425  69.9979 115.0467 0002901 272.7566  87.3261 14.98334100 41424
STARLINK-5064           
1 55428U 23014AP  23295.91606213  .00001124  00000+0  10194-3 0  9998
2 55428  69.9981 115.1347 0003114 269.1114  90.9689 14.98330494 41420
STARLINK-5642           
1 55430U 23014AR  23295.96218171  .00000075  00000+0  14074-4 0  9994
2 55430  69.9982 134.7514 0002765 296.7256  63.3620 14.98329513 40003
STARLINK-5637           
1 55432U 23014AT  23295.89959964  .00000715  00000+0  67761-4 0  9992
2 55432  69.9975 134.9362 0003112 270.2263  89.8539 14.98322943 40936
STARLINK-5570           
1 55433U 23014AU  23295.89124625  .00000867  00000+0  80452-4 0  9991
2 55433  69.9981 134.9056 0002896 269.2136  90.8691 14.98324859 40938
STARLINK-5626           
1 55435U 23014AW  23295.90376609 -.00006076  00000+0 -50145-3 0  9991
2 55435  69.9980 134.9501 0003081 280.0287  80.0525 14.98361910 40935
ION SCV-009             
1 55441U 23014BC  23295.89700982  .00084682  00000+0  64510-3 0  9999
2 55441  70.0031  74.4679 0007086 300.3956  59.6540 15.71823519 41619
STARLINK-5484           
1 55628U 23021A   23295.92579654  .00000843  00000+0  78421-4 0  9992
2 55628  70.0003 235.0036 0003021 269.7877  90.2936 14.98328778 38163
STARLINK-5218           
1 55636U 23021J   23296.16777236  .00016635  00000+0  13969-2 0  9994
2 55636  70.0019 234.2394 0002767 253.6308 106.4547 14.98378036 37905
STARLINK-5494           
1 55650U 23021Y   23296.15505629 -.00000745  00000+0 -54651-4 0  9996
2 55650  70.0017 214.3250 0002570 271.8416  88.2448 14.98312738 38391
STARLINK-5487           
1 55652U 23021AA  23295.94642635 -.00000275  00000+0 -15294-4 0  9991
2 55652  70.0020 214.8027 0002457 256.9159 103.1726 14.98311071 38661
STARLINK-5467           
1 55660U 23021AJ  23295.90048251 -.00000794  00000+0 -58780-4 0  9993
2 55660  70.0013 195.1711 0002739 276.6760  83.4088 14.98308747 39144
STARLINK-5479           
1 55662U 23021AL  23295.90031630 -.00000680  00000+0 -49254-4 0  9998
2 55662  70.0016 195.1817 0002734 261.4153  98.6696 14.98307774 39141
STARLINK-5474           
1 55665U 23021AP  23296.13831798 -.00001420  00000+0 -11139-3 0  9993
2 55665  70.0020 194.3957 0002493 266.1651  93.9223 14.98296581 38889
STARLINK-5460           
1 55671U 23021AV  23295.90446975 -.00004571  00000+0 -37571-3 0  9991
2 55671  70.0041 194.7805 0001964 214.9872 145.1158 14.98315772 39155
STARLINK-5602           
1 55743U 23028C   23295.65922305  .00000229  00000+0  26979-4 0  9991
2 55743  69.9998 275.7569 0002035 270.7694  89.3232 14.98330712 35869
STARLINK-5614           
1 55756U 23028R   23295.66754390  .00000175  00000+0  22463-4 0  9997
2 55756  69.9994 275.3809 0002501 276.0925  83.9950 14.98329324 35871
STARLINK-5499           
1 55764U 23028Z   23296.10128219 -.00001322  00000+0 -10302-3 0  9996
2 55764  70.0007 254.6060 0002841 272.6035  87.4799 14.98323623 36426
STARLINK-5595           
1 55765U 23028AA  23296.03870186  .00005047  00000+0  43096-3 0  9998
2 55765  70.0009 254.7887 0002346 265.6023  94.4868 14.98283962 36400
STARLINK-5599           
1 55766U 23028AB  23296.14716394 -.00000803  00000+0 -59533-4 0  9992
2 55766  70.0006 254.3629 0002502 256.0796 104.0085 14.98327378 36424
STARLINK-5606           
1 55767U 23028AC  23296.04286888  .00003678  00000+0  31611-3 0  9999
2 55767  70.0002 254.8042 0002350 265.1938  94.8953 14.98302266 36402
STARLINK-5557           
1 55770U 23028AF  23296.15134229 -.00000426  00000+0 -27935-4 0  9991
2 55770  69.9995 254.3784 0002799 262.9434  97.1406 14.98319100 36421
STARLINK-5835           
1 55772U 23028AH  23296.13047227 -.00000938  00000+0 -70830-4 0  9992
2 55772  69.9992 254.3050 0003062 275.6774  84.4036 14.98321238 36432
STARLINK-5812           
1 55774U 23028AK  23295.93853399 -.00001982  00000+0 -15839-3 0  9993
2 55774  70.0021 254.8406 0002509 263.4441  96.6432 14.98325638 36401
STARLINK-5816           
1 55778U 23028AP  23296.12212122 -.00000920  00000+0 -69357-4 0  9998
2 55778  69.9999 254.2769 0002621 260.8380  99.2483 14.98323697 36431
STARLINK-5826           
1 55782U 23028AT  23296.08870397 -.00000875  00000+0 -65567-4 0  9990
2 55782  70.0006 234.6883 0002756 266.6417  93.4427 14.98311983 36913
STARLINK-5818           
1 55785U 23028AW  23296.08436435 -.00000709  00000+0 -51685-4 0  9996
2 55785  70.0008 234.6689 0002394 259.0885 101.0005 14.98311798 36906
STARLINK-5807           
1 55791U 23028BC  23296.13442257 -.00000847  00000+0 -63230-4 0  9990
2 55791  70.0006 234.4449 0002902 257.7061 102.3773 14.98321260 36911
STARLINK-5921           
1 55926U 23037N   23296.18541596  .00000198  00000+0  24395-4 0  9997
2 55926  69.9993 314.3858 0002624 260.5829  99.5034 14.98327882 34225
STARLINK-5914           
1 55941U 23037AD  23296.18960276 -.00001631  00000+0 -12893-3 0  9998
2 55941  69.9986 314.3996 0002984 272.1823  87.8994 14.98333211 34227
STARLINK-5908           
1 55951U 23037AP  23295.80153511  .00002777  00000+0  24042-3 0  9992
2 55951  70.0001 315.0475 0002451 265.7119  94.3760 14.98330026 33835
STARLINK-5878           
1 55955U 23037AT  23295.41743684  .00001264  00000+0  11367-3 0  9995
2 55955  69.9993 296.2345 0002667 243.3247 116.7639 14.98329604 34267
STARLINK-5928           
1 55958U 23037AW  23296.21438307 -.00012661  00000+0 -10535-2 0  9990
2 55958  69.9992 294.1992 0002162 258.5739 101.5177 14.98394988 34725
STARLINK-5938           
1 55960U 23037AY  23295.73492541 -.00000042  00000+0  43410-5 0  9999
2 55960  69.9996 294.9295 0002693 267.4849  92.6001 14.96711217 34324
STARLINK-5993           
1 56449U 23064B   23295.95842568  .00011408  00000+0  96077-3 0  9996
2 56449  70.0023 175.0358 0002576 260.8986  99.1882 14.98393924 25118
STARLINK-6047           
1 56460U 23064N   23296.05027962  .00006459  00000+0  54902-3 0  9995
2 56460  70.0017 174.5507 0002303 274.4832  85.6064 14.98300821 25490
STARLINK-6045           
1 56462U 23064Q   23295.91667824 -.00900275  00000+0 -93890-2 0  9997
2 56462  69.9999 140.2776 0003595 272.0812 131.9961 15.66605901 26318
STARLINK-6054           
1 56465U 23064T   23296.25001157 -.00943591  00000+0 -11464-1 0  9993
2 56465  69.9994 139.1104 0003574 273.1390  51.8245 15.62891611 26370
STARLINK-6041           
1 56478U 23064AG  23296.03752564  .00000422  00000+0  43204-4 0  9993
2 56478  69.9982 154.6356 0002919 270.3882  89.6943 14.98319279 25982
STARLINK-6220           
1 56482U 23064AL  23295.89982716  .00001875  00000+0  16492-3 0  9996
2 56482  69.9986 154.9554 0002884 272.1451  87.9378 14.98323720 25964
STARLINK-5868           
1 56483U 23064AM  23295.94171427 -.00000370  00000+0 -23267-4 0  9992
2 56483  69.9986 154.6991 0002531 280.8134  79.2739 14.98317412 25618
STARLINK-6201           
1 56486U 23064AQ  23296.01665931  .00000133  00000+0  18937-4 0  9995
2 56486  69.9989 154.5607 0002514 266.5795  93.5076 14.98314357 25980
STARLINK-5846           
1 56492U 23064AW  23296.25001157 -.00942335  00000+0 -94610-2 0  9993
2 56492  69.9993 139.9110 0003634 273.0195  87.4516 15.67646444 26354
STARLINK-5527           
1 56497U 23064BB  23296.25001157 -.00942499  00000+0 -94577-2 0  9991
2 56497  69.9992 139.9084 0003639 270.8233  92.0844 15.67659596 26359
STARLINK-6198           
1 56768U 23078B   23295.62332854  .00002274  00000+0  20685-4 0  9995
2 56768  69.9988   7.4622 0002567 264.9836  95.1067 15.69912261 22703
STARLINK-6275           
1 56772U 23078F   23295.98188290 -.00000168  00000+0 -63180-5 0  9992
2 56772  70.0025  34.7565 0002053 261.1664  98.9263 14.98324214 22323
STARLINK-6231           
1 56779U 23078N   23295.94031487  .00000815  00000+0  85394-5 0  9998
2 56779  69.9983   6.5600 0003343 271.9957  88.0855 15.69936916 23015
STARLINK-6341           
1 56786U 23078V   23295.94094449  .00001220  00000+0  11903-4 0  9998
2 56786  69.9968   6.5626 0003347 269.1690  90.9122 15.69940612 23018
STARLINK-6049           
1 56796U 23078AF  23295.64786008  .00001201  00000+0  10846-3 0  9998
2 56796  70.0014  15.7195 0003059 270.4541  89.6268 14.98319810 22507
STARLINK-6073           
1 56807U 23078AS  23295.93778537  .00001028  00000+0  10317-4 0  9992
2 56807  69.9970   6.5511 0003431 275.0424  85.0380 15.69936065 23011
STARLINK-6063           
1 56811U 23078AW  23295.93746655  .00001506  00000+0  14286-4 0  9993
2 56811  69.9975   6.5492 0003157 266.1509  93.9326 15.69939524 23010
STARLINK-6057           
1 56815U 23078BA  23296.16668981 -.00577119  00000+0 -33420-1 0  9996
2 56815  70.0013  14.8202 0003354 273.7074  84.4438 15.14515039 22830
STARLINK-5982           
1 56817U 23078BC  23295.95243583  .00001323  00000+0  11869-3 0  9993
2 56817  70.0005  14.7728 0003790 268.9048  91.1677 14.98318339 22819
