STARLINK-5382           
1 54820U 22177A   23295.96703824 -.00002095  00000+0 -14008-3 0  9991
2 54820  43.0018 174.0109 0001309 285.8997  74.1701 15.02525068 46273
STARLINK-5101           
1 54822U 22177C   23295.94928196  .00014197  00000+0  10644-2 0  9997
2 54822  43.0023 173.8771 0001130 286.9817  73.0901 15.02518303 46272
STARLINK-4801           
1 54825U 22177F   23295.95371831  .00000028  00000+0  17152-4 0  9990
2 54825  43.0028 173.9071 0001130 262.3489  97.7225 15.02532248 46273
STARLINK-5107           
1 54826U 22177G   23295.95149926  .00000409  00000+0  45384-4 0  9990
2 54826  43.0015 173.8930 0001322 288.5394  71.5305 15.02523637 46272
STARLINK-5383           
1 54827U 22177H   23295.87725187  .00000472  00000+0  50002-4 0  9994
2 54827  43.0015 174.1960 0001202 264.1181  95.9524 15.02530298 46275
STARLINK-5394           
1 54830U 22177L   23295.93485755  .00016344  00000+0  12219-2 0  9990
2 54830  43.0017 173.7683 0001261 267.5856  92.4842 15.02542560 46279
STARLINK-5369           
1 54837U 22177T   23295.93152016 -.00000377  00000+0 -12865-4 0  9998
2 54837  43.0018 173.7414 0001117 284.3635  75.7083 15.02524413 46279
STARLINK-5304           
1 54843U 22177Z   23295.38859062 -.00001182  00000+0 -72422-4 0  9999
2 54843  43.0018 176.5469 0000978 285.2083  74.8651 15.02538616 46190
STARLINK-5360           
1 54846U 22177AC  23295.97246949 -.00001468  00000+0 -93668-4 0  9993
2 54846  43.0022 173.1859 0001103 272.9027  87.1689 15.02527098 45308
STARLINK-5086           
1 54856U 22177AN  23295.93732434  .00002412  00000+0  19358-3 0  9990
2 54856  43.0026 160.7711 0000569 294.7233  65.3550 15.02537670 45445
STARLINK-5078           
1 54857U 22177AP  23295.35011999 -.00001333  00000+0 -83588-4 0  9993
2 54857  43.0016 164.1114 0001047 286.6797  73.3930 15.02539762 46331
STARLINK-5400           
1 54861U 22177AT  23295.81880710 -.00000944  00000+0 -54820-4 0  9998
2 54861  43.0035 161.6030 0001128 263.3170  96.7544 15.02518225 46402
STARLINK-5397           
1 54871U 22177BD  23295.92844600 -.00001185  00000+0 -72659-4 0  9997
2 54871  43.0018 160.7058 0001288 288.7964  71.2739 15.02524006 46423
STARLINK-5390           
1 54872U 22177BE  23295.91180380  .00006038  00000+0  46155-3 0  9996
2 54872  43.0023 160.6063 0001372 264.9807  95.0878 15.02546458 45311
STARLINK-5660           
1 55335U 23013E   23295.60886164  .00001995  00000+0  16265-3 0  9996
2 55335  43.0043 342.9747 0000594 270.9559  89.1216 15.02541564 40978
STARLINK-5658           
1 55338U 23013H   23295.54017060  .00004213  00000+0  32670-3 0  9997
2 55338  43.0041 343.3167 0001118 265.7550  94.3164 15.02541800 40968
STARLINK-5653           
1 55345U 23013Q   23295.79412547  .00002537  00000+0  20281-3 0  9993
2 55345  43.0029 328.7518 0001010 263.5376  96.5351 15.02541316 41158
STARLINK-5641           
1 55359U 23013AE  23295.82594618 -.00002235  00000+0 -15045-3 0  9991
2 55359  43.0045 341.1580 0001429 269.5683  90.4996 15.02525925 41448
STARLINK-5654           
1 55366U 23013AM  23295.51933991  .00000208  00000+0  30458-4 0  9998
2 55366  43.0046 330.1460 0001167 272.9904  87.0805 15.02534528 41546
STARLINK-5625           
1 55368U 23013AP  23295.51045868  .00002603  00000+0  20770-3 0  9993
2 55368  43.0038 330.0800 0001230 267.2761  92.7940 15.02540215 41111
STARLINK-5027           
1 55370U 23013AR  23295.51993005  .00005269  00000+0  40474-3 0  9995
2 55370  43.0036 356.1563 0001455 261.9839  98.0838 15.02546295 41246
STARLINK-5572           
1 55378U 23013AZ  23295.56864662  .00005589  00000+0  42836-3 0  9993
2 55378  43.0034 355.6591 0001252 267.8877  92.1822 15.02547898 41258
STARLINK-5571           
1 55380U 23013BB  23295.56916216  .00008109  00000+0  61437-3 0  9998
2 55380  43.0039 329.6585 0000881 257.5871 102.4873 15.02555010 41129
STARLINK-5576           
1 55382U 23013BD  23295.89549363  .00005426  00000+0  41641-3 0  9995
2 55382  43.0023 353.8146 0000761 297.0402  63.0363 15.02539030 41302
STARLINK-5555           
1 55386U 23013BH  23295.88108152  .00019495  00000+0  14536-2 0  9998
2 55386  43.0048 353.7006 0001144 275.6147  84.4565 15.02551990 41301
STARLINK-5678           
1 55460U 23015M   23295.89524210  .00006032  00000+0  46115-3 0  9993
2 55460  43.0040   6.8725 0001397 267.3725  92.6957 15.02542232 40067
STARLINK-5673           
1 55462U 23015P   23295.88414169  .00005004  00000+0  38519-3 0  9992
2 55462  43.0039   6.7912 0001080 275.5438  84.5281 15.02538128 40064
STARLINK-5679           
1 55467U 23015U   23295.88747158  .00015196  00000+0  11373-2 0  9995
2 55467  43.0042   6.8140 0001119 272.1921  87.8793 15.02544131 40065
STARLINK-5681           
1 55469U 23015W   23295.61267924  .00008291  00000+0  62795-3 0  9999
2 55469  43.0038   8.1941 0001303 269.5783  90.4910 15.02547062 40020
STARLINK-5708           
1 55470U 23015X   23295.60491079  .00003013  00000+0  23799-3 0  9998
2 55470  43.0023   8.1338 0001100 253.3343 106.7378 15.02539737 40023
STARLINK-5688           
1 55479U 23015AG  23295.87008440  .00000842  00000+0  77372-4 0  9996
2 55479  43.0053 354.5322 0001474 276.5036  83.5638 15.02540324 40201
STARLINK-5706           
1 55488U 23015AR  23295.93815234  .00011414  00000+0  85863-3 0  9990
2 55488  43.0044  19.3199 0001476 266.7990  93.2683 15.02536629 39929
STARLINK-5373           
1 55490U 23015AT  23295.93482196  .00001624  00000+0  13523-3 0  9996
2 55490  43.0038  19.2953 0001201 275.3430  84.7275 15.02535567 39925
STARLINK-5364           
1 55491U 23015AU  23295.60627393  .00016921  00000+0  12640-2 0  9995
2 55491  43.0046 355.1266 0001365 269.5290  90.5395 15.02555910 40175
STARLINK-5344           
1 55494U 23015AX  23295.93371244  .00002205  00000+0  17824-3 0  9995
2 55494  43.0045  19.2862 0001392 266.5718  93.4965 15.02536975 39925
STARLINK-5363           
1 55497U 23015BA  23295.93038433  .00001890  00000+0  15494-3 0  9998
2 55497  43.0039  19.2618 0001192 276.1669  83.9037 15.02534123 39927
STARLINK-5749           
1 55569U 23020A   23295.74821233 -.00000583  00000+0 -28091-4 0  9999
2 55569  43.0036  46.5908 0001193 280.9574  79.1134 15.02524788 39277
STARLINK-5739           
1 55571U 23020C   23296.01078881  .00007984  00000+0  60546-3 0  9996
2 55571  43.0036  45.1240 0001388 271.1824  88.8860 15.02535341 38246
STARLINK-5747           
1 55574U 23020F   23295.79803460  .00004465  00000+0  34534-3 0  9991
2 55574  43.0043  46.1089 0001319 275.9309  84.1383 15.02540942 38212
STARLINK-5757           
1 55580U 23020M   23295.64117879  .00008775  00000+0  66377-3 0  9992
2 55580  43.0041  20.6588 0001168 269.6269  90.4439 15.02541361 38493
STARLINK-5741           
1 55582U 23020P   23295.76278089  .00004751  00000+0  36650-3 0  9999
2 55582  43.0048  32.8899 0001310 273.8273  86.2419 15.02542210 38364
STARLINK-5736           
1 55584U 23020R   23295.78582491  .00011975  00000+0  89982-3 0  9990
2 55584  43.0037  46.0172 0001330 280.3452  79.7241 15.02545082 38213
STARLINK-5769           
1 55585U 23020S   23295.74847006  .00003604  00000+0  28173-3 0  9998
2 55585  43.0048  33.6406 0001250 279.2130  80.8571 15.02539310 38350
STARLINK-5760           
1 55591U 23020Y   23295.64177401  .00000989  00000+0  88258-4 0  9993
2 55591  43.0033  46.6566 0000866 270.8932  89.1811 15.02532718 38197
STARLINK-5750           
1 55594U 23020AB  23295.75697109  .00019214  00000+0  14334-2 0  9993
2 55594  43.0039  45.8046 0001234 265.2139  94.8563 15.02539505 38218
STARLINK-5761           
1 55599U 23020AG  23295.75401647  .00013959  00000+0  10463-2 0  9997
2 55599  43.0045  33.6476 0001249 273.6832  86.3867 15.02537653 38351
STARLINK-5734           
1 55612U 23020AV  23295.71961121  .00003277  00000+0  25753-3 0  9998
2 55612  43.0041  33.4076 0001218 266.7154  93.3549 15.02539268 38352
STARLINK-5721           
1 55617U 23020BA  23295.78053721  .00003612  00000+0  28228-3 0  9991
2 55617  43.0046  33.0051 0001324 276.7256  83.3436 15.02539386 38369
STARLINK-5709           
1 55621U 23020BE  23295.97664016  .00011496  00000+0  86453-3 0  9995
2 55621  43.0044  31.8952 0001999 268.5476  91.5137 15.02543975 38390
STARLINK-30064          
1 55700U 23026F   23295.71503706  .00006872  00000+0  55776-4 0  9996
2 55700  43.0002 296.9102 0001254 263.3005  96.7720 15.71366938 38425
STARLINK-30051          
1 55704U 23026K   23295.82117917  .00003230  00000+0  28032-4 0  9997
2 55704  43.0008 329.3811 0001205 264.9784  95.0947 15.71381880 38066
STARLINK-5916           
1 55988U 23042C   23295.93433330  .00010769  00000+0  81061-3 0  9996
2 55988  43.0031  96.9748 0001020 275.8006  84.2720 15.02555744 32569
STARLINK-5946           
1 55990U 23042E   23295.87007963  .00005272  00000+0  40496-3 0  9991
2 55990  43.0034  97.3539 0001537 268.6032  91.4635 15.02543010 32210
STARLINK-5902           
1 55998U 23042N   23295.90214893  .00005681  00000+0  43516-3 0  9995
2 55998  43.0028  96.7269 0001420 267.4177  92.6502 15.02544508 32569
STARLINK-5794           
1 56006U 23042W   23295.74921905  .00001224  00000+0  10567-3 0  9996
2 56006  43.0027  97.3044 0001258 266.4707  93.5992 15.02533370 32203
STARLINK-5964           
1 56009U 23042Z   23295.88439169  .00004763  00000+0  36736-3 0  9997
2 56009  43.0033  96.5999 0001624 267.8402  92.2254 15.02542248 32567
STARLINK-5940           
1 56012U 23042AC  23295.81606852  .00005571  00000+0  42712-3 0  9998
2 56012  43.0036  84.7939 0001148 280.2238  79.8475 15.02536927 32354
STARLINK-5941           
1 56013U 23042AD  23295.87440496  .00001723  00000+0  14261-3 0  9998
2 56013  43.0036  96.5206 0001244 265.4120  94.6580 15.02535380 32225
STARLINK-5771           
1 56023U 23042AP  23296.12182235  .00009430  00000+0  71222-3 0  9995
2 56023  43.0039  82.7870 0001256 267.2430  92.8268 15.02534322 32745
STARLINK-5772           
1 56024U 23042AQ  23295.84147828  .00002185  00000+0  17680-3 0  9991
2 56024  43.0046  84.1247 0001327 271.5602  88.5088 15.02538033 32369
STARLINK-5792           
1 56035U 23042BB  23295.83037975  .00003127  00000+0  24644-3 0  9998
2 56035  43.0042  84.0401 0001230 282.1719  77.8986 15.02532267 32369
STARLINK-5800           
1 56041U 23042BH  23295.83839559  .00006527  00000+0  49775-3 0  9992
2 56041  43.0034  71.0314 0001279 263.1967  96.8730 15.02538899 32515
STARLINK-6109           
1 56094U 23046B   23295.45457859  .00000303  00000+0  37503-4 0  9994
2 56094  43.0026 202.3765 0000779 315.7076  44.3704 15.02545537 31304
STARLINK-6076           
1 56100U 23046H   23296.04178915  .00014459  00000+0  10838-2 0  9998
2 56100  43.0022 199.0445 0001443 289.2736  70.7950 15.02515244 31939
STARLINK-6101           
1 56115U 23046Y   23295.86554106 -.00003258  00000+0 -22630-3 0  9994
2 56115  43.0015 199.4293 0001146 277.0576  83.0136 15.02525805 31374
STARLINK-6092           
1 56121U 23046AE  23295.99887799 -.00000701  00000+0 -36809-4 0  9996
2 56121  43.0020 186.5985 0001525 285.5528  74.5146 15.02522520 32079
STARLINK-6126           
1 56124U 23046AJ  23295.86814042 -.00007766  00000+0 -56072-3 0  9997
2 56124  43.0020 187.3378 0001151 279.0462  81.0250 15.02518279 31510
STARLINK-6104           
1 56127U 23046AM  23295.97558556  .00028199  00000+0  20959-2 0  9992
2 56127  43.0022 186.4176 0001557 260.7396  99.3270 15.02504419 32071
STARLINK-6121           
1 56129U 23046AP  23296.16668981 -.00482380  00000+0 -33913-1 0  9991
2 56129  43.0019 133.6337 0001572 275.4892 337.7869 15.06586274 32709
STARLINK-5489           
1 56136U 23046AW  23295.90354122 -.00005385  00000+0 -38394-3 0  9995
2 56136  43.0021 186.7351 0000960 258.9355 101.1380 15.02532593 31526
STARLINK-5090           
1 56137U 23046AX  23295.74949413 -.00011168  00000+0 -81326-3 0  9990
2 56137  43.0023 187.2993 0001112 285.8703  74.2017 15.02521916 31505
STARLINK-4774           
1 56138U 23046AY  23295.96336296 -.00001749  00000+0 -11446-3 0  9994
2 56138  43.0021 186.3278 0001299 270.5907  89.4786 15.02524681 31539
STARLINK-5375           
1 56140U 23046BA  23295.89466154 -.00003265  00000+0 -22685-3 0  9998
2 56140  43.0021 186.6702 0001139 274.8205  85.2508 15.02521786 31526
STARLINK-5370           
1 56145U 23046BF  23295.32709090 -.00002342  00000+0 -15838-3 0  9997
2 56145  43.0040 151.0747 0001053 281.9241  78.1483 15.02536938 31888
STARLINK-30106          
1 56288U 23056C   23296.00183952  .00000585  00000+0  58401-4 0  9994
2 56288  43.0017 250.2361 0001326 275.2400  84.8291 15.02515357 28755
STARLINK-30083          
1 56295U 23056K   23296.11209904  .00016396  00000+0  12266-2 0  9994
2 56295  43.0008 224.0267 0001517 281.1760  78.8912 15.02515682 29063
STARLINK-30089          
1 56296U 23056L   23296.04587572  .00013989  00000+0  10492-2 0  9991
2 56296  43.0002 211.3517 0001172 254.5139 105.5574 15.02512791 29202
STARLINK-30109          
1 56298U 23056N   23296.17141584  .00020488  00000+0  15271-2 0  9998
2 56298  43.0014 249.7050 0000736 207.0106 153.0698 15.02540320 28771
STARLINK-30094          
1 56305U 23056V   23295.99971358  .00012506  00000+0  95977-3 0  9990
2 56305  43.0018 249.2759 0001241 274.8377  85.2323 15.01713829 28764
STARLINK-6188           
1 56376U 23061C   23295.56563938 -.00002280  00000+0 -15374-3 0  9991
2 56376  43.0033 240.2296 0001104 263.8041  96.2676 15.02538328 26301
STARLINK-6153           
1 56384U 23061L   23295.86585286  .00002350  00000+0  18898-3 0  9993
2 56384  43.0029 238.1767 0001453 264.1787  95.8890 15.02532242 26067
STARLINK-6303           
1 56393U 23061V   23296.11954732  .00000742  00000+0  70039-4 0  9997
2 56393  43.0027 236.6398 0001312 276.3492  83.7201 15.02528868 26397
STARLINK-6273           
1 56395U 23061X   23295.51940215 -.00002841  00000+0 -19537-3 0  9992
2 56395  43.0043 227.7441 0001468 260.4364  99.6313 15.02530586 26447
STARLINK-6288           
1 56398U 23061AA  23295.97252838  .00005055  00000+0  38882-3 0  9994
2 56398  43.0030 225.1243 0001356 269.8702  90.1985 15.02551444 26518
STARLINK-6283           
1 56406U 23061AJ  23296.08218648  .00000206  00000+0  30334-4 0  9996
2 56406  43.0033 224.2250 0001536 272.3835  87.6831 15.02523626 26539
STARLINK-6278           
1 56412U 23061AQ  23295.53593087 -.00004450  00000+0 -31467-3 0  9999
2 56412  43.0034 227.0059 0000946 276.8258  83.2477 15.02527657 26454
STARLINK-6258           
1 56413U 23061AR  23295.54482479 -.00001487  00000+0 -95119-4 0  9995
2 56413  43.0043 227.0740 0000695 272.7817  87.2945 15.02515650 26453
STARLINK-5350           
1 56419U 23061AX  23295.92813635  .00002219  00000+0  17925-3 0  9995
2 56419  43.0025 224.7865 0001423 258.2199 101.8484 15.02537329 26518
STARLINK-6239           
1 56423U 23061BB  23295.96059482 -.00000782  00000+0 -42831-4 0  9996
2 56423  43.0025 212.0259 0001177 269.5492  90.5215 15.02520235 26667
STARLINK-5724           
1 56427U 23061BF  23296.08340364  .00052249  00000+0  38885-2 0  9991
2 56427  43.0036 211.2258 0000614 263.5348  96.5424 15.02200634 26680
STARLINK-5339           
1 56510U 23065H   23295.56869661 -.00005199  00000+0 -37011-3 0  9991
2 56510  43.0021 253.1336 0001003 272.0923  87.9804 15.02536785 25107
STARLINK-6337           
1 56528U 23065AB  23295.31931105  .00000231  00000+0  32149-4 0  9994
2 56528  43.0032 253.8384 0000994 251.4817 108.5917 15.02551321 25859
STARLINK-6311           
1 56537U 23065AL  23295.62714559 -.00004568  00000+0 -32327-3 0  9996
2 56537  43.0031 265.7284 0001864 262.2873  97.7757 15.02536138 25746
STARLINK-6266           
1 56542U 23065AR  23295.62048847  .00000383  00000+0  43400-4 0  9996
2 56542  43.0031 265.6780 0000869 300.2190  59.8566 15.02546874 25746
STARLINK-6228           
1 56543U 23065AS  23295.60827763 -.00003158  00000+0 -21870-3 0  9998
2 56543  43.0035 265.5847 0001862 270.4033  89.6596 15.02556332 25746
STARLINK-30124          
1 56690U 23067C   23295.74458119 -.00008059  00000+0 -58228-3 0  9995
2 56690  43.0032 316.4309 0001063 283.5715  76.5009 15.02532343 24941
STARLINK-30067          
1 56693U 23067F   23295.46535120  .00018122  00000+0  13522-2 0  9992
2 56693  43.0024 317.7944 0000636 247.9672 112.1103 15.02561181 24905
STARLINK-30127          
1 56699U 23067M   23295.79108553 -.00001174  00000+0 -71853-4 0  9994
2 56699  43.0026 315.9375 0000749 275.7277  84.3480 15.02536614 24952
STARLINK-30117          
1 56702U 23067Q   23295.48865056  .00004146  00000+0  32172-3 0  9993
2 56702  43.0024 317.9020 0000955 267.6426  92.4307 15.02548101 24052
STARLINK-30080          
1 56705U 23067T   23295.43897732  .00004788  00000+0  36914-3 0  9997
2 56705  42.9997 304.6689 0000842 265.2862  94.7884 15.02552035 25056
STARLINK-30152          
1 56828U 23079F   23296.25001157 -.00039208  00000+0 -29023-2 0  9994
2 56828  43.0010 146.1635 0000860 213.4565 350.4765 15.02553599 21923
STARLINK-30128          
1 56832U 23079K   23295.92039505  .00000151  00000+0  26217-4 0  9997
2 56832  43.0006 122.0486 0001282 258.2852 101.7847 15.02533261 22164
STARLINK-30142          
1 56836U 23079P   23296.25001157 -.00271787  00000+0 -20814-1 0  9991
2 56836  43.0010 146.0337 0001587 294.5049 323.4617 15.02678762 21920
STARLINK-30076          
1 56839U 23079S   23295.86332725  .00014987  00000+0  11225-2 0  9990
2 56839  43.0002 148.0340 0001862 258.2729 101.7905 15.02522403 22195
STARLINK-30135          
1 56842U 23079V   23295.96642977  .00018159  00000+0  13565-2 0  9992
2 56842  43.0019 147.8597 0001617 285.7082  74.3582 15.02517029 21871
STARLINK-6177           
1 56880U 23083E   23295.79527837  .00000448  00000+0  48278-4 0  9990
2 56880  43.0027 123.3146 0001591 273.8759  86.1902 15.02533640 20964
STARLINK-5496           
1 56886U 23083L   23295.78195662  .00002655  00000+0  21154-3 0  9997
2 56886  43.0024 123.2128 0001128 269.5494  90.5219 15.02536389 20963
STARLINK-6169           
1 56889U 23083P   23295.57919522  .00001466  00000+0  12356-3 0  9999
2 56889  43.0025 124.2702 0001363 264.4147  95.6539 15.02530829 20139
STARLINK-6144           
1 56894U 23083U   23295.96251836  .00007326  00000+0  55676-3 0  9998
2 56894  43.0023 121.9858 0001513 269.6809  90.3860 15.02541503 20194
STARLINK-6205           
1 56898U 23083Y   23295.68218194 -.00000422  00000+0 -16186-4 0  9997
2 56898  43.0016 123.3219 0001046 262.4451  97.6273 15.02530372 21069
STARLINK-6185           
1 56901U 23083AB  23295.94586945  .00005057  00000+0  38916-3 0  9994
2 56901  43.0022 121.8603 0001338 269.6893  90.3796 15.02535631 20190
STARLINK-6183           
1 56905U 23083AF  23295.68810414  .00001042  00000+0  92225-4 0  9994
2 56905  43.0036 111.2302 0001140 270.9494  89.1218 15.02537952 21094
STARLINK-5999           
1 56909U 23083AK  23295.74681521 -.00000100  00000+0  76340-5 0  9996
2 56909  43.0041 110.8106 0001071 271.8465  88.2254 15.02528181 21210
STARLINK-6179           
1 56910U 23083AL  23295.79553120  .00000090  00000+0  21748-4 0  9994
2 56910  43.0032 110.3135 0001255 267.0329  93.0369 15.02533026 21113
STARLINK-5805           
1 56912U 23083AN  23295.78998416  .00000572  00000+0  57382-4 0  9994
2 56912  43.0029 110.2705 0001142 265.5039  94.5673 15.02529704 21111
STARLINK-5971           
1 56917U 23083AT  23295.85312319  .00002283  00000+0  18398-3 0  9993
2 56917  43.0041 109.8841 0000969 279.7713  80.3020 15.02540433 21129
STARLINK-5951           
1 56918U 23083AU  23295.84203604 -.00000356  00000+0 -11292-4 0  9997
2 56918  43.0042 109.7982 0001115 282.4647  77.6070 15.02526381 21127
STARLINK-5958           
1 56921U 23083AX  23295.84425098  .00000898  00000+0  81546-4 0  9992
2 56921  43.0029 109.8156 0001275 273.4866  86.5830 15.02531525 21129
STARLINK-5937           
1 56922U 23083AY  23295.76335074 -.00000916  00000+0 -52754-4 0  9990
2 56922  43.0037 110.0675 0001044 270.8442  89.2281 15.02523617 21116
STARLINK-5952           
1 56923U 23083AZ  23295.77223340 -.00002339  00000+0 -15822-3 0  9999
2 56923  43.0043 110.1339 0001273 281.1553  78.9146 15.02515938 21116
STARLINK-5847           
1 57048U 23088A   23295.87783903  .00001131  00000+0  98831-4 0  9999
2 57048  43.0013 148.7157 0001304 285.8128  74.2570 15.02528051 19848
STARLINK-5536           
1 57062U 23088Q   23295.89573157  .00002096  00000+0  17021-3 0  9997
2 57062  43.0025 134.9604 0001557 260.2072  99.8595 15.02534328 19839
STARLINK-5827           
1 57066U 23088U   23295.89436974  .00000151  00000+0  26272-4 0  9995
2 57066  43.0021 147.9743 0001434 267.1316  92.9362 15.02529472 18703
STARLINK-5834           
1 57071U 23088Z   23295.88253912 -.00000141  00000+0  46130-5 0  9995
2 57071  43.0009 135.7415 0001121 269.5254  90.5460 15.02524279 18620
STARLINK-6248           
1 57082U 23088AL  23295.86810528  .00001192  00000+0  10330-3 0  9994
2 57082  43.0019 135.6305 0001259 285.6087  74.4616 15.02530134 19829
STARLINK-6251           
1 57087U 23088AR  23295.84590314  .00001478  00000+0  12448-3 0  9994
2 57087  43.0021 135.4618 0001337 273.8037  86.2652 15.02532968 19821
STARLINK-6259           
1 57089U 23088AT  23295.83592045 -.00000062  00000+0  10514-4 0  9990
2 57089  43.0022 135.3863 0001323 262.1518  97.9175 15.02526158 19828
STARLINK-6262           
1 57091U 23088AV  23295.90573238 -.00000426  00000+0 -16479-4 0  9995
2 57091  43.0025 135.0505 0001092 282.1734  77.8986 15.02522125 19837
STARLINK-6132           
1 57101U 23090A   23295.78893126 -.00002906  00000+0 -20020-3 0  9998
2 57101  43.0026 316.4021 0001001 266.9621  93.1107 15.02530018 19705
STARLINK-6140           
1 57111U 23090L   23295.75674973 -.00000084  00000+0  88593-5 0  9998
2 57111  43.0017 316.1575 0000864 278.6473  81.4271 15.02523727 19709
STARLINK-6141           
1 57112U 23090M   23295.77339300  .00000081  00000+0  21062-4 0  9996
2 57112  43.0023 316.2838 0001240 275.4926  84.5775 15.02527491 19702
STARLINK-6129           
1 57116U 23090R   23295.49970492  .00009409  00000+0  71024-3 0  9997
2 57116  43.0020 317.6709 0001199 272.0932  87.9773 15.02556858 19667
STARLINK-6152           
1 57121U 23090W   23295.53732763  .00005067  00000+0  38982-3 0  9997
2 57121  43.0021 317.0882 0001234 265.6681  94.4020 15.02543584 19489
STARLINK-6167           
1 57126U 23090AB  23295.47306747  .00007289  00000+0  55389-3 0  9992
2 57126  43.0026 317.4662 0001136 271.3072  88.7640 15.02550436 18520
STARLINK-6165           
1 57127U 23090AC  23295.52955280  .00008177  00000+0  61940-3 0  9998
2 57127  43.0024 317.0297 0001222 265.9603  94.1100 15.02553466 19488
STARLINK-5778           
1 57149U 23090BA  23295.91667824 -.00895752  00000+0 -49774-1 0  9993
2 57149  42.9960 276.8630 0001259 274.6778 318.6845 15.15718733 19037
STARLINK-6108           
1 57155U 23090BG  23295.73590725  .00002839  00000+0  22507-3 0  9996
2 57155  43.0030 302.9751 0000817 272.8303  87.2446 15.02543043 19854
STARLINK-5520           
1 57219U 23094B   23296.07560415 -.00000066  00000+0  10170-4 0  9997
2 57219  43.0033  70.4952 0001755 265.1223  94.9419 15.02536551 16630
STARLINK-5880           
1 57220U 23094C   23295.79415362  .00003951  00000+0  30732-3 0  9997
2 57220  43.0034  71.8190 0001231 268.6455  91.4247 15.02541415 16418
STARLINK-6230           
1 57228U 23094L   23295.84953074  .00006179  00000+0  47214-3 0  9996
2 57228  43.0036  71.3735 0001286 283.5733  76.4966 15.02531065 16425
STARLINK-6250           
1 57230U 23094N   23295.84397979  .00005302  00000+0  40721-3 0  9998
2 57230  43.0026  71.3373 0001421 264.5123  95.5557 15.02543320 16423
STARLINK-5840           
1 57231U 23094P   23296.08659969  .00002629  00000+0  20972-3 0  9991
2 57231  43.0039  69.7114 0001871 284.4594  75.6041 15.02523932 16642
STARLINK-5872           
1 57232U 23094Q   23295.88160393  .00002039  00000+0  16599-3 0  9992
2 57232  43.0037  70.7507 0001354 283.2189  76.8502 15.02536757 17096
STARLINK-6360           
1 57235U 23094T   23295.82955380  .00005346  00000+0  41049-3 0  9999
2 57235  43.0035  71.2234 0001388 280.1459  79.9227 15.02540140 16428
STARLINK-6334           
1 57238U 23094W   23295.75013448 -.00000444  00000+0 -17836-4 0  9998
2 57238  43.0033  59.3450 0000997 278.0405  82.0325 15.02531647 16558
STARLINK-5517           
1 57249U 23094AH  23295.80521431  .00000369  00000+0  43164-4 0  9999
2 57249  43.0042  58.0063 0001163 265.8185  94.2524 15.01724115 16572
STARLINK-5513           
1 57251U 23094AK  23295.79773539 -.00000473  00000+0 -19960-4 0  9993
2 57251  43.0044  58.8397 0001173 264.0716  95.9993 15.02540845 16741
STARLINK-5516           
1 57253U 23094AM  23295.79661650  .00002171  00000+0  17569-3 0  9992
2 57253  43.0041  58.8316 0001244 274.0230  86.0471 15.02548983 16565
STARLINK-5503           
1 57257U 23094AR  23295.78663966  .00000947  00000+0  85194-4 0  9996
2 57257  43.0035  58.7572 0001145 269.0523  91.0189 15.02535114 17222
STARLINK-5504           
1 57262U 23094AW  23295.84313279 -.00000326  00000+0 -90868-5 0  9996
2 57262  43.0044  58.3212 0001199 277.7290  82.3417 15.02530015 16570
STARLINK-30241          
1 57298U 23096J   23295.96941878  .00004666  00000+0  36027-3 0  9996
2 57298  43.0008 263.1559 0000245 249.3423 110.7393 15.02528667 15852
STARLINK-30233          
1 57302U 23096N   23295.33015534  .00017077  00000+0  12755-2 0  9995
2 57302  43.0001 266.9555 0000864 249.7895 110.2854 15.02554458 15755
STARLINK-30211          
1 57304U 23096Q   23295.65589301 -.00006713  00000+0 -48236-3 0  9991
2 57304  43.0006 265.1093 0001426 237.8564 122.2140 15.02532987 15996
STARLINK-30163          
1 57309U 23096V   23295.63924362 -.00008847  00000+0 -64076-3 0  9994
2 57309  43.0015 264.9886 0000804 277.7970  82.2781 15.02532206 15980
STARLINK-6316           
1 57335U 23099H   23295.67807630 -.00003929  00000+0 -26996-3 0  9993
2 57335  43.0023 291.0288 0000748 273.6805  86.3952 15.03345762 15394
STARLINK-6332           
1 57339U 23099M   23295.68087279 -.00004890  00000+0 -34723-3 0  9992
2 57339  43.0026 291.0438 0001331 261.1102  98.9589 15.02527308 15391
STARLINK-6321           
1 57340U 23099N   23295.39830273  .00001770  00000+0  14600-3 0  9996
2 57340  43.0028 292.3665 0001004 273.7911  86.2816 15.02543393 16098
STARLINK-6377           
1 57341U 23099P   23295.47032137  .00002935  00000+0  23217-3 0  9997
2 57341  43.0035 292.0457 0000872 262.6773  97.3970 15.02549668 16060
STARLINK-6380           
1 57344U 23099S   23295.71575716  .00000524  00000+0  54944-4 0  9996
2 57344  43.0022 290.4470 0000887 272.1174  87.9567 15.01714387 15408
STARLINK-6362           
1 57350U 23099Y   23295.91667824  .00044576  00000+0  32973-2 0  9998
2 57350  43.0002 277.1145 0001376 266.2809 133.1064 15.02497648  5849
STARLINK-6324           
1 57353U 23099AB  23295.69851046 -.00001468  00000+0 -93621-4 0  9991
2 57353  43.0016 290.3149 0000524 306.4859  53.5935 15.02541996 15405
STARLINK-6355           
1 57356U 23099AE  23295.42741001  .00001036  00000+0  91738-4 0  9990
2 57356  43.0014 279.5531 0000915 208.6174 151.4618 15.02551681 15506
STARLINK-6356           
1 57363U 23099AM  23295.68445548 -.00003919  00000+0 -27513-3 0  9996
2 57363  43.0004 278.0410 0000744 253.3119 106.7642 15.02546966 15543
STARLINK-6363           
1 57375U 23099AZ  23295.65671728 -.00000556  00000+0 -26109-4 0  9992
2 57375  43.0019 277.8267 0000278   5.0307 355.0538 15.02520870 15541
STARLINK-6367           
1 57376U 23099BA  23295.64672691 -.00002210  00000+0 -14866-3 0  9997
2 57376  43.0021 277.7516 0001107 258.8506 101.2212 15.02519756 15543
STARLINK-6366           
1 57380U 23099BE  23295.91667824 -.00908482  00000+0 -20828-1 0  9993
2 57380  42.9994 254.5120 0001383 265.4075 127.0703 15.44483102  6069
STARLINK-30182          
1 57412U 23102J   23295.46920587  .00019190  00000+0  14301-2 0  9999
2 57412  43.0023 291.9199 0000580 257.7003 102.3775 15.02579998 15488
STARLINK-30224          
1 57416U 23102N   23295.71848129 -.00009628  00000+0 -69850-3 0  9999
2 57416  43.0023 290.3499 0000346 349.1348  10.9487 15.02543564 15525
STARLINK-30229          
1 57461U 23107E   23295.71636510  .00015866  00000+0  12121-2 0  9990
2 57461  43.0032  21.0274 0000977 285.9713  74.1022 15.01738580 14392
STARLINK-30115          
1 57464U 23107H   23295.68999063  .00024121  00000+0  17942-2 0  9994
2 57464  43.0032  20.8318 0001256 260.8588  99.2112 15.02543747 14392
STARLINK-30116          
1 57465U 23107J   23295.96256349  .00017519  00000+0  13086-2 0  9997
2 57465  43.0034  19.4371 0000675 266.6261  93.4504 15.02539239 14318
STARLINK-30092          
1 57467U 23107L   23295.68666258  .00008178  00000+0  61968-3 0  9996
2 57467  43.0031  20.8069 0001316 255.8736 104.1960 15.02539663 14392
STARLINK-30155          
1 57475U 23107U   23295.72650027  .00005397  00000+0  41427-3 0  9995
2 57475  43.0024  20.2450 0001319 291.5216  68.5485 15.02540133 14405
STARLINK-30169          
1 57499U 23113E   23295.81101271 -.00006945  00000+0 -34408-3 0  9993
2 57499  43.0031  53.0301 0001520 274.4532  85.6142 15.15943017 12863
STARLINK-30212          
1 57506U 23113M   23295.82216593  .00011217  00000+0  84405-3 0  9995
2 57506  43.0030  59.0474 0001293 288.5447  71.5254 15.02537867 12794
STARLINK-30219          
1 57507U 23113N   23295.68590020  .00002325  00000+0  18725-3 0  9992
2 57507  43.0016  59.7573 0001017 267.6681  92.4045 15.02506116 12937
STARLINK-30074          
1 57508U 23113P   23295.83202880  .00011280  00000+0  84842-3 0  9997
2 57508  43.0013  58.2671 0001151 265.3819  94.6891 15.02550450 12758
STARLINK-30147          
1 57511U 23113S   23295.74569907  .00012738  00000+0  95637-3 0  9990
2 57511  43.0004  59.3472 0001201 260.0732  99.9975 15.02532834 12943
STARLINK-30168          
1 57513U 23113U   23295.81550311  .00016117  00000+0  12051-2 0  9992
2 57513  43.0012  58.9817 0001329 284.7622  75.3073 15.02545359 12790
STARLINK-30253          
1 57525U 23115E   23295.75592919  .00023165  00000+0  17238-2 0  9993
2 57525  43.0023  46.3180 0001179 266.1758  93.8949 15.02545809 11602
STARLINK-30264          
1 57534U 23115P   23295.99930967  .00001372  00000+0  82158-4 0  9999
2 57534  43.0029  40.4649 0001945 268.3475  91.7149 15.15946361 12909
STARLINK-30255          
1 57606U 23119E   23295.79298372  .00002857  00000+0  22647-3 0  9993
2 57606  42.9975 122.7516 0000517 297.9955  62.0835 15.02538923 12381
STARLINK-30248          
1 57610U 23119J   23295.87388835  .00004288  00000+0  33236-3 0  9997
2 57610  42.9998 122.4969 0001437 283.1466  76.9216 15.02530318 12394
STARLINK-30246          
1 57615U 23119P   23295.78855602  .00012362  00000+0  92939-3 0  9990
2 57615  42.9995 122.6994 0000737 279.4021  80.6738 15.02501966 12380
STARLINK-30249          
1 57618U 23119S   23295.84403535  .00006472  00000+0  49368-3 0  9997
2 57618  42.9998 123.1320 0001598 265.7192  94.3468 15.02540867 12383
STARLINK-30330          
1 57636U 23122E   23295.85705628  .00002542  00000+0  20318-3 0  9998
2 57636  42.9992 135.9042 0001414 273.8444  86.2237 15.02529964 11485
STARLINK-30326          
1 57639U 23122H   23295.93673070  .00006114  00000+0  46722-3 0  9991
2 57639  43.0003 134.7771 0001349 263.4942  96.5747 15.02538273 11498
STARLINK-30280          
1 57643U 23122M   23295.82376547 -.00006355  00000+0 -45608-3 0  9994
2 57643  42.9993 135.6567 0001609 272.2601  87.8057 15.02510494 11482
STARLINK-30277          
1 57645U 23122P   23295.96335117  .00028297  00000+0  20978-2 0  9998
2 57645  42.9994 134.9854 0001301 268.7534  91.3159 15.02600448 11493
STARLINK-30288          
1 57698U 23129A   23295.91667824  .00011770  00000+0  88527-3 0  9994
2 57698  42.9995 160.7263 0001688 254.7480  17.6115 15.02519646  5952
STARLINK-30336          
1 57703U 23129F   23295.91667824 -.00018507  00000+0 -13582-2 0  9996
2 57703  42.9993 161.3324 0001083 283.6654  96.2276 15.02545032  5921
STARLINK-30287          
1 57709U 23129M   23296.16668981  .00032404  00000+0  24036-2 0  9991
2 57709  42.9999 159.8013 0001120 261.0106 104.9245 15.02522644 10006
STARLINK-30300          
1 57715U 23129T   23295.91667824  .00011826  00000+0  88928-3 0  9991
2 57715  42.9995 161.0294 0001208 218.9532 287.1723 15.02524957  5712
STARLINK-30375          
1 57732U 23131A   23295.94890991 -.00009672  00000+0 -48390-3 0  9996
2 57732  42.9995 209.6217 0001543 257.7215 102.3460 15.15952676  9162
STARLINK-30364          
1 57741U 23131K   23296.03596686  .00004027  00000+0  29735-3 0  9990
2 57741  42.9986 212.0231 0001243 276.7528  83.3174 15.04490129  9136
STARLINK-30308          
1 57742U 23131L   23296.03739142  .00018579  00000+0  13175-2 0  9994
2 57742  42.9998 212.0280 0001114 264.3666  95.7049 15.04466115  9155
STARLINK-30362          
1 57745U 23131P   23295.89185525  .00005407  00000+0  39434-3 0  9993
2 57745  42.9976 212.6628 0001094 247.1328 112.9400 15.04475784  9231
STARLINK-30378          
1 57787U 23134S   23296.14656426 -.00006584  00000+0 -32561-3 0  9997
2 57787  42.9993 237.4435 0001892 281.0940  78.9694 15.15935668  8813
STARLINK-30387          
1 57788U 23134T   23296.13881273 -.00005516  00000+0 -27079-3 0  9999
2 57788  42.9997 233.8938 0001731 260.1459  99.9192 15.15941377  8855
STARLINK-30374          
1 57809U 23138B   23295.08334491 -.00071054  00000+0 -50194-2 0  9998
2 57809  42.9991 281.9106 0001191 257.4510 231.6642 15.04560167  5844
STARLINK-30379          
1 57811U 23138D   23295.91667824  .00054444  00000+0  38157-2 0  9999
2 57811  42.9989 277.2793 0000959 261.7169 102.7897 15.04441689  6054
STARLINK-30403          
1 57813U 23138F   23295.91667824  .00054730  00000+0  38358-2 0  9992
2 57813  42.9989 277.1938 0001760 257.3344 142.8815 15.04438788  6043
STARLINK-30407          
1 57823U 23138R   23295.91667824  .00050293  00000+0  35284-2 0  9998
2 57823  42.9989 276.5903 0001026 264.8324  29.1729 15.04437291  5896
STARLINK-30418          
1 57829U 23138X   23295.91667824  .00051856  00000+0  36364-2 0  9990
2 57829  42.9989 276.6158 0001681 247.9586  34.7626 15.04440665  6038
STARLINK-30460          
1 57870U 23144G   23295.51290293  .00004425  00000+0  23803-3 0  9996
2 57870  43.0007 332.0600 0001090 267.1151  92.9572 15.15990054  6852
STARLINK-30436          
1 57880U 23144S   23295.81960750 -.00000941  00000+0 -36293-4 0  9991
2 57880  43.0012 330.0630 0000819 277.2035  82.8720 15.15965517  6906
STARLINK-30282          
1 57883U 23144V   23295.81506964 -.00004602  00000+0 -22399-3 0  9996
2 57883  43.0007 330.0277 0000887 263.7001  96.3745 15.15936421  6907
STARLINK-30465          
1 57891U 23146A   23295.91667824 -.00162070  00000+0 -84468-2 0  9999
2 57891  43.0007 355.3104 0001471 267.9345 143.2174 15.16060608  5994
STARLINK-30479          
1 57898U 23146H   23296.25001157  .00014424  00000+0  74866-3 0  9994
2 57898  42.9995 353.2843 0001598 267.4824 239.5208 15.15960501  6368
STARLINK-30462          
1 57902U 23146M   23295.91667824 -.00022267  00000+0 -11308-2 0  9998
2 57902  42.9994 355.0426 0002026 267.6108 255.4573 15.15974688  6110
STARLINK-30449          
1 57903U 23146N   23295.91667824  .00017786  00000+0  91944-3 0  9992
2 57903  43.0002 354.7944 0001524 294.2135 330.2737 15.15980786  6112
STARLINK-30463          
1 57909U 23146U   23295.91667824 -.00093645  00000+0 -48358-2 0  9998
2 57909  42.9996 354.9243 0001759 280.5028 292.3399 15.16016234  6055
STARLINK-30501          
1 57917U 23147E   23296.16668981 -.02101738  00000+0 -76113-1 0  9995
2 57917  43.0002  19.1534 0001222 280.6977 196.3142 15.31114949  5817
STARLINK-30475          
1 57929U 23147S   23296.16668981 -.02072530  00000+0 -56730-1 0  9998
2 57929  42.9998  18.9003 0001272 257.3951 324.6437 15.40294290  5707
STARLINK-30495          
1 57968U 23151E   23296.25001157 -.01645673  00000+0 -22656-1 0  9995
2 57968  42.9995  33.6512 0001179 264.5967 297.9717 15.59268633  4848
STARLINK-30484          
1 57969U 23151F   23296.25001157 -.01645687  00000+0 -22650-1 0  9995
2 57969  42.9994  33.6494 0000955 275.6115 287.4509 15.59277666  4799
STARLINK-30502          
1 57973U 23151K   23296.25001157 -.01641204  00000+0 -22556-1 0  9996
2 57973  42.9995  33.6483 0001384 266.3883 298.1519 15.59303386  4899
STARLINK-30503          
1 57975U 23151M   23296.25001157 -.01639384  00000+0 -22496-1 0  9997
2 57975  42.9994  33.6419 0001471 264.9708 301.5392 15.59339857  4896
STARLINK-30534          
1 57992U 23153B   23296.25001157 -.00213140  00000+0 -14895-2 0  9990
2 57992  43.0000 123.9004 0001463 280.4832 291.1404 15.73937891  3952
STARLINK-30543          
1 57996U 23153F   23296.25001157  .00334876  00000+0  12746-2 0  9995
2 57996  42.9997 123.5975 0005430 295.5063  37.1830 15.85873361  4049
STARLINK-30552          
1 57999U 23153J   23295.91667824  .00022831  00000+0  15969-3 0  9995
2 57999  43.0000 125.9108 0001023 242.5608 242.5724 15.73792311  4028
STARLINK-30535          
1 58001U 23153L   23295.91667824  .00101378  00000+0  69231-3 0  9995
2 58001  43.0000 125.9057 0001006 248.3500 238.6359 15.73766292  4021
STARLINK-30546          
1 58003U 23153N   23295.91667824  .00032359  00000+0  22464-3 0  9996
2 58003  43.0002 125.9044 0001865 230.1173 257.4774 15.73801698  4029
STARLINK-30553          
1 58056U 23158F   23296.16668981 -.00790738  00000+0 -27773-2 0  9993
2 58056  42.9991  87.3504 0001944 260.8751 243.2889 15.89968331  2667
STARLINK-30541          
1 58057U 23158G   23296.16668981 -.00781128  00000+0 -27551-2 0  9991
2 58057  42.9992  87.3608 0002313 272.5559 227.4154 15.89861724  2668
STARLINK-30573          
1 58058U 23158H   23296.16668981 -.00769535  00000+0 -27050-2 0  9994
2 58058  42.9994  87.3563 0003168 251.0524 250.6677 15.89893135  2663
STARLINK-30558          
1 58060U 23158K   23295.91667824 -.00649415  00000+0 -22501-2 0  9994
2 58060  42.9997  88.9384 0001850 283.2998 214.3588 15.89925455  2631
STARLINK-30480          
1 58069U 23158U   23295.91667824 -.00772569  00000+0 -25997-2 0  9992
2 58069  42.9996  88.8639 0001929 271.0477 255.9711 15.90758929  2636
