STARLINK-4336           
1 53051U 22077J   23295.74978251  .00000027  00000+0  67256-5 0  9995
2 53051  97.6533 114.9905 0001032  93.7528 266.3814 15.01260300 70542
STARLINK-4317           
1 53058U 22077R   23296.08835737 -.00007339  00000+0 -56684-3 0  9997
2 53058  97.6534 115.3022 0001764  74.9850 285.1570 15.01293481 70595
STARLINK-4307           
1 53063U 22077W   23296.09020792  .00002577  00000+0  20509-3 0  9995
2 53063  97.6523 115.3506 0001497  88.6370 271.5025 15.01264736 71189
STARLINK-4348           
1 53075U 22077AJ  23296.05133360  .00000926  00000+0  76704-4 0  9995
2 53075  97.6562 115.2923 0002570  77.4348 282.7163 15.01257960 71178
STARLINK-4405           
1 53201U 22084N   23295.74361063 -.00003035  00000+0 -23188-3 0  9995
2 53201  97.6562 354.9905 0002708 230.7844 129.3140 15.01247454 68948
STARLINK-4397           
1 53205U 22084S   23295.74151608 -.00005080  00000+0 -39131-3 0  9998
2 53205  97.6561 354.9761 0002619 229.8774 130.2221 15.01247790 68947
STARLINK-4353           
1 53214U 22084AB  23296.13588171 -.00001918  00000+0 -14481-3 0  9998
2 53214  97.6566 355.3645 0001125 216.2465 143.8683 15.01251114 69382
STARLINK-4356           
1 53224U 22084AM  23296.18772378 -.00001150  00000+0 -84952-4 0  9997
2 53224  97.6591 355.4274 0000642  63.5371 296.5919 15.01252497 69026
STARLINK-4358           
1 53225U 22084AN  23296.17846481 -.00000217  00000+0 -12302-4 0  9997
2 53225  97.6571 355.4234 0001812  79.7423 280.4005 15.01251356 69018
STARLINK-4364           
1 53230U 22084AT  23295.91209922 -.00004773  00000+0 -36731-3 0  9999
2 53230  97.6559 355.1564 0001988  94.5345 265.6107 15.01257070 68976
STARLINK-4372           
1 53233U 22084AW  23295.90098866 -.00004105  00000+0 -31518-3 0  9991
2 53233  97.6548 355.1447 0002122  83.0035 277.1430 15.01256888 68970
STARLINK-4415           
1 53465U 22099A   23295.91400942 -.00002451  00000+0 -18635-3 0  9994
2 53465  97.6541  55.1536 0001062 259.5689 100.5415 15.01256661 65645
STARLINK-4394           
1 53467U 22099C   23296.09300295 -.00001965  00000+0 -15162-3 0  9997
2 53467  97.6562  55.4348 0002191  90.8207 269.3268 15.00447279 65905
STARLINK-4400           
1 53468U 22099D   23295.91054490 -.00004760  00000+0 -36623-3 0  9992
2 53468  97.6548  55.1435 0003083 258.6094 101.4784 15.01255206 65630
STARLINK-4399           
1 53469U 22099E   23295.90659061 -.00000474  00000+0 -32252-4 0  9990
2 53469  97.6534  55.1404 0004803 251.9255 108.1446 15.01264471 65877
STARLINK-4442           
1 53480U 22099R   23296.09545099 -.00001197  00000+0 -88635-4 0  9998
2 53480  97.6581  55.3363 0001360 257.1533 102.9539 15.01257786 65900
STARLINK-4401           
1 53483U 22099U   23295.87698542 -.00002397  00000+0 -18213-3 0  9995
2 53483  97.6540  55.1497 0001933  91.4001 268.7445 15.01255245 65634
STARLINK-4426           
1 53484U 22099V   23296.22136061  .00000946  00000+0  78280-4 0  9996
2 53484  97.6579  55.4679 0000536 250.4689 109.6477 15.01251693 65922
STARLINK-4387           
1 53490U 22099AB  23296.21394755  .00010056  00000+0  78604-3 0  9990
2 53490  97.6537  55.4618 0002639  89.1212 271.0314 15.01274359 65929
STARLINK-4361           
1 53493U 22099AE  23295.87328305 -.00003510  00000+0 -26881-3 0  9991
2 53493  97.6544  55.1198 0001961  93.4298 266.7151 15.01257172 65631
STARLINK-4429           
1 53495U 22099AG  23295.93438095 -.00006276  00000+0 -48450-3 0  9996
2 53495  97.6550  55.1867 0001792  84.9942 275.1487 15.01253856 65648
STARLINK-4453           
1 53497U 22099AJ  23295.93067757 -.00009576  00000+0 -74224-3 0  9995
2 53497  97.6555  55.1821 0001787  97.3519 262.7908 15.01247207 65640
STARLINK-4448           
1 53504U 22099AR  23295.86032062 -.00009374  00000+0 -72631-3 0  9993
2 53504  97.6550  55.1117 0001550  98.0259 262.1141 15.01252076 65877
STARLINK-4402           
1 53509U 22099AW  23295.91586653 -.00001072  00000+0 -78884-4 0  9998
2 53509  97.6535  55.1544 0000173 196.8653 163.2565 15.01253742 65641
STARLINK-4622           
1 53648U 22105A   23295.63135994  .00001490  00000+0  12058-3 0  9999
2 53648  97.6551 174.8750 0002122  89.2308 270.9159 15.01257667 62854
STARLINK-4380           
1 53650U 22105C   23295.62766435  .00002479  00000+0  19755-3 0  9990
2 53650  97.6573 174.8733 0002896  61.3051 298.8464 15.01254273 62843
STARLINK-4420           
1 53654U 22105G   23295.95166326 -.00000382  00000+0 -25144-4 0  9996
2 53654  97.6567 175.2036 0002587  84.5232 275.6287 15.01250521 62899
STARLINK-4463           
1 53659U 22105M   23296.15002307 -.00000536  00000+0 -37174-4 0  9999
2 53659  97.6567 175.3982 0003663  82.1304 278.0336 15.01242997 63201
STARLINK-4440           
1 53671U 22105Z   23295.92972771 -.00015089  00000+0 -11744-2 0  9990
2 53671  97.6541 175.1762 0004467  82.6262 277.5469 15.01197072 62890
STARLINK-4467           
1 53686U 22105AQ  23296.14976480  .00007842  00000+0  61441-3 0  9998
2 53686  97.6562 175.4601 0002841  90.0292 270.1258 15.01263308 63212
STARLINK-5954           
1 56318U 23058B   23295.92636540  .00000034  00000+0  72036-5 0  9996
2 56318  97.6532 295.1103 0001677  91.4665 268.6751 15.01253784 27437
STARLINK-6039           
1 56319U 23058C   23295.92451369  .00000064  00000+0  95598-5 0  9992
2 56319  97.6526 295.1113 0001336  96.8786 263.2590 15.01255010 27433
STARLINK-5988           
1 56320U 23058D   23295.93031599  .00000128  00000+0  14538-4 0  9999
2 56320  97.6538 295.1014 0002367  92.9875 267.1620 15.01254409 27448
STARLINK-5981           
1 56325U 23058J   23295.98006712 -.00000534  00000+0 -36976-4 0  9991
2 56325  97.6543 295.1821 0001226 158.2168 201.9109 15.01248581 27306
STARLINK-5980           
1 56326U 23058K   23295.92290833 -.00001422  00000+0 -10612-3 0  9990
2 56326  97.6531 295.1110 0002669  79.4621 280.6904 15.01258306 27432
STARLINK-5991           
1 56331U 23058Q   23295.90599186  .00001240  00000+0  10110-3 0  9996
2 56331  97.6541 295.1257 0002366 156.3010 203.8324 15.01259206 27783
STARLINK-5976           
1 56343U 23058AC  23295.95597954  .00000510  00000+0  44315-4 0  9999
2 56343  97.6566 295.2289 0001907  90.7165 269.4277 15.01256561 27798
STARLINK-5974           
1 56344U 23058AD  23295.95968461 -.00000013  00000+0  35576-5 0  9994
2 56344  97.6571 295.2196 0001735  83.6237 276.5185 15.01255834 27791
STARLINK-5888           
1 56348U 23058AH  23295.95413013 -.00000168  00000+0 -84725-5 0  9998
2 56348  97.6560 295.2326 0002488  79.7851 280.3654 15.01263446 27301
STARLINK-5887           
1 56349U 23058AJ  23295.94511507  .00000034  00000+0  72392-5 0  9992
2 56349  97.6547 295.2478 0003804  70.7107 289.4528 15.01260544 27792
STARLINK-5885           
1 56352U 23058AM  23295.95042601 -.00000072  00000+0 -10340-5 0  9990
2 56352  97.6552 295.2385 0002567  93.8084 266.3433 15.01256630 27794
STARLINK-5533           
1 56355U 23058AQ  23295.93931624 -.00000573  00000+0 -39984-4 0  9993
2 56355  97.6546 295.2561 0004543  57.1031 303.0629 15.01261179 27797
STARLINK-5535           
1 56356U 23058AR  23295.94116568 -.00003663  00000+0 -28058-3 0  9999
2 56356  97.6552 295.2529 0004295  60.2492 299.9159 15.01271058 27797
STARLINK-5482           
1 56358U 23058AT  23295.94302152 -.00000516  00000+0 -35600-4 0  9993
2 56358  97.6547 295.2503 0004239  62.2664 297.8990 15.01256529 27792
STARLINK-5549           
1 56360U 23058AV  23295.93745303 -.00008264  00000+0 -63877-3 0  9998
2 56360  97.6547 295.2567 0004099  62.7912 297.3729 15.01297672 27799
STARLINK-5550           
1 56361U 23058AW  23295.93215063  .00000001  00000+0  46438-5 0  9999
2 56361  97.6537 295.2623 0002364  42.1376 318.0029 15.01254607 27796
