ONEWEB-0050             
1 45453U 20020AF  23295.91474410  .00006604  00000+0  53409-3 0  9995
2 45453  87.9969  88.9858 0023372 205.6100 154.3978 14.99428885196043
GSLV R/B                
1 54149U 22138AN  23295.88701000  .00003231  00000+0  33760-3 0  9994
2 54149  87.3762  96.3185 0026477  55.5979 304.7746 14.89119643 54305
ONEWEB-0569             
1 55148U 23004J   23296.14369148 -.00001051  00000+0 -19486-3 0  9999
2 55148  86.5378 165.1761 0004935  31.2114 328.9392 14.66340256 42146
ONEWEB-0668             
1 56711U 23068B   23295.92475707  .00003220  00000+0  43538-3 0  9993
2 56711  86.7203  76.7299 0016496  44.7334 315.5214 14.78640521 23115
ONEWEB-0676             
1 56712U 23068C   23295.93889740  .00002982  00000+0  40405-3 0  9995
2 56712  86.7154  76.6526 0017296  44.8927 315.3689 14.78525966 23110
ONEWEB-0679             
1 56715U 23068F   23296.12369683  .00002879  00000+0  38867-3 0  9993
2 56715  86.7200  76.6353 0016333  44.0317 316.2201 14.78674627 23837
ONEWEB-0686             
1 56721U 23068M   23295.88091352  .00002515  00000+0  34145-3 0  9999
2 56721  86.7176  76.7104 0015998  47.5326 312.7243 14.78386766 23106
ONEWEB-0694             
1 56722U 23068N   23295.88525280  .00002822  00000+0  38384-3 0  9992
2 56722  86.7214  76.7922 0016149  46.4014 313.8543 14.78349831 23106
ONEWEB-0721             
1 56725U 23068R   23295.92761595  .00004685  00000+0  56772-3 0  9991
2 56725  86.6742  75.5673 0012257  45.3524 314.8696 14.83377478 23175
